{
 "cells": [
  {
   "cell_type": "code",
   "execution_count": 17,
   "metadata": {},
   "outputs": [
    {
     "data": {
      "text/html": [
       "<div>\n",
       "<style scoped>\n",
       "    .dataframe tbody tr th:only-of-type {\n",
       "        vertical-align: middle;\n",
       "    }\n",
       "\n",
       "    .dataframe tbody tr th {\n",
       "        vertical-align: top;\n",
       "    }\n",
       "\n",
       "    .dataframe thead th {\n",
       "        text-align: right;\n",
       "    }\n",
       "</style>\n",
       "<table border=\"1\" class=\"dataframe\">\n",
       "  <thead>\n",
       "    <tr style=\"text-align: right;\">\n",
       "      <th></th>\n",
       "      <th>Unnamed: 0</th>\n",
       "      <th>类别</th>\n",
       "      <th>行政区</th>\n",
       "      <th>点评数</th>\n",
       "      <th>口味</th>\n",
       "      <th>环境</th>\n",
       "      <th>服务</th>\n",
       "      <th>人均消费</th>\n",
       "    </tr>\n",
       "  </thead>\n",
       "  <tbody>\n",
       "    <tr>\n",
       "      <th>0</th>\n",
       "      <td>0</td>\n",
       "      <td>烧烤</td>\n",
       "      <td>K</td>\n",
       "      <td>176.0</td>\n",
       "      <td>8.0</td>\n",
       "      <td>8.6</td>\n",
       "      <td>7.9</td>\n",
       "      <td>124.0</td>\n",
       "    </tr>\n",
       "    <tr>\n",
       "      <th>1</th>\n",
       "      <td>2</td>\n",
       "      <td>粤菜</td>\n",
       "      <td>K</td>\n",
       "      <td>141.0</td>\n",
       "      <td>6.7</td>\n",
       "      <td>7.2</td>\n",
       "      <td>6.6</td>\n",
       "      <td>141.0</td>\n",
       "    </tr>\n",
       "    <tr>\n",
       "      <th>2</th>\n",
       "      <td>3</td>\n",
       "      <td>海鲜</td>\n",
       "      <td>K</td>\n",
       "      <td>76.0</td>\n",
       "      <td>7.2</td>\n",
       "      <td>7.2</td>\n",
       "      <td>7.3</td>\n",
       "      <td>148.0</td>\n",
       "    </tr>\n",
       "    <tr>\n",
       "      <th>3</th>\n",
       "      <td>4</td>\n",
       "      <td>烧烤</td>\n",
       "      <td>K</td>\n",
       "      <td>600.0</td>\n",
       "      <td>7.2</td>\n",
       "      <td>7.6</td>\n",
       "      <td>7.0</td>\n",
       "      <td>143.0</td>\n",
       "    </tr>\n",
       "    <tr>\n",
       "      <th>4</th>\n",
       "      <td>5</td>\n",
       "      <td>本菜</td>\n",
       "      <td>J</td>\n",
       "      <td>69.0</td>\n",
       "      <td>8.2</td>\n",
       "      <td>8.9</td>\n",
       "      <td>8.4</td>\n",
       "      <td>66.0</td>\n",
       "    </tr>\n",
       "    <tr>\n",
       "      <th>...</th>\n",
       "      <td>...</td>\n",
       "      <td>...</td>\n",
       "      <td>...</td>\n",
       "      <td>...</td>\n",
       "      <td>...</td>\n",
       "      <td>...</td>\n",
       "      <td>...</td>\n",
       "      <td>...</td>\n",
       "    </tr>\n",
       "    <tr>\n",
       "      <th>40551</th>\n",
       "      <td>96361</td>\n",
       "      <td>浙菜</td>\n",
       "      <td>N</td>\n",
       "      <td>457.0</td>\n",
       "      <td>9.1</td>\n",
       "      <td>7.7</td>\n",
       "      <td>8.8</td>\n",
       "      <td>62.0</td>\n",
       "    </tr>\n",
       "    <tr>\n",
       "      <th>40555</th>\n",
       "      <td>96371</td>\n",
       "      <td>浙菜</td>\n",
       "      <td>N</td>\n",
       "      <td>92.0</td>\n",
       "      <td>6.9</td>\n",
       "      <td>6.6</td>\n",
       "      <td>6.6</td>\n",
       "      <td>80.0</td>\n",
       "    </tr>\n",
       "    <tr>\n",
       "      <th>40557</th>\n",
       "      <td>96381</td>\n",
       "      <td>浙菜</td>\n",
       "      <td>N</td>\n",
       "      <td>169.0</td>\n",
       "      <td>7.7</td>\n",
       "      <td>7.0</td>\n",
       "      <td>7.4</td>\n",
       "      <td>76.0</td>\n",
       "    </tr>\n",
       "    <tr>\n",
       "      <th>40559</th>\n",
       "      <td>96387</td>\n",
       "      <td>亚菜</td>\n",
       "      <td>K</td>\n",
       "      <td>216.0</td>\n",
       "      <td>7.0</td>\n",
       "      <td>7.1</td>\n",
       "      <td>7.1</td>\n",
       "      <td>49.0</td>\n",
       "    </tr>\n",
       "    <tr>\n",
       "      <th>40560</th>\n",
       "      <td>96388</td>\n",
       "      <td>甜点</td>\n",
       "      <td>A</td>\n",
       "      <td>218.0</td>\n",
       "      <td>8.2</td>\n",
       "      <td>7.9</td>\n",
       "      <td>8.1</td>\n",
       "      <td>33.0</td>\n",
       "    </tr>\n",
       "  </tbody>\n",
       "</table>\n",
       "<p>26469 rows × 8 columns</p>\n",
       "</div>"
      ],
      "text/plain": [
       "       Unnamed: 0  类别 行政区    点评数   口味   环境   服务   人均消费\n",
       "0               0  烧烤   K  176.0  8.0  8.6  7.9  124.0\n",
       "1               2  粤菜   K  141.0  6.7  7.2  6.6  141.0\n",
       "2               3  海鲜   K   76.0  7.2  7.2  7.3  148.0\n",
       "3               4  烧烤   K  600.0  7.2  7.6  7.0  143.0\n",
       "4               5  本菜   J   69.0  8.2  8.9  8.4   66.0\n",
       "...           ...  ..  ..    ...  ...  ...  ...    ...\n",
       "40551       96361  浙菜   N  457.0  9.1  7.7  8.8   62.0\n",
       "40555       96371  浙菜   N   92.0  6.9  6.6  6.6   80.0\n",
       "40557       96381  浙菜   N  169.0  7.7  7.0  7.4   76.0\n",
       "40559       96387  亚菜   K  216.0  7.0  7.1  7.1   49.0\n",
       "40560       96388  甜点   A  218.0  8.2  7.9  8.1   33.0\n",
       "\n",
       "[26469 rows x 8 columns]"
      ]
     },
     "execution_count": 17,
     "metadata": {},
     "output_type": "execute_result"
    }
   ],
   "source": [
    "import pandas as pd\n",
    "food_df = pd.read_csv(\"../dataset/food_preprocessed.csv\")\n",
    "food_df_clean = food_df[(food_df[\"人均消费\"] <= 1000) & (food_df[\"点评数\"] >= 50)]\n",
    "food_df_clean"
   ]
  },
  {
   "cell_type": "code",
   "execution_count": 16,
   "metadata": {},
   "outputs": [
    {
     "data": {
      "text/plain": [
       "840"
      ]
     },
     "execution_count": 16,
     "metadata": {},
     "output_type": "execute_result"
    }
   ],
   "source": [
    "food_df_clean.size"
   ]
  },
  {
   "cell_type": "code",
   "execution_count": 12,
   "metadata": {},
   "outputs": [
    {
     "name": "stdout",
     "output_type": "stream",
     "text": [
      "-9217.246845365604\n",
      "-9217.971993885792\n",
      "-9217.208131609463\n",
      "-9218.208425177048\n",
      "-9217.971993885792\n",
      "-9217.810745708632\n",
      "-9217.976341795467\n",
      "-9217.97199388579\n",
      "-9217.810745708632\n",
      "-9217.8206935347\n",
      "-9218.224164025898\n",
      "-9217.152413531137\n",
      "-9217.971993885792\n",
      "-9217.36530002104\n",
      "-9218.208425177048\n",
      "-9218.224164025898\n",
      "-9217.208131609463\n",
      "-9217.810745708632\n",
      "-9217.208131609463\n",
      "-9217.810745708632\n",
      "-9217.810745708632\n",
      "-9217.208131609463\n",
      "-9217.976341795467\n",
      "-9218.224164025898\n",
      "-9218.224164025898\n",
      "-9217.152413531137\n",
      "-9217.810745708632\n",
      "-9218.208425177048\n",
      "-9217.971993885792\n",
      "-9217.152413531137\n",
      "-9217.971993885792\n",
      "-9217.32611487099\n",
      "-9217.810745708632\n",
      "-9218.224164025898\n",
      "-9217.152413531137\n",
      "-9217.81028268821\n",
      "-9217.152413531137\n",
      "-9217.810745708632\n",
      "-9217.810745708632\n",
      "-9217.152413531137\n",
      "-9217.97199388579\n",
      "-9217.971993885792\n",
      "-9218.208425177048\n",
      "-9217.976341795467\n",
      "-9218.208425177048\n",
      "-9217.384781683668\n",
      "-9217.711750207996\n",
      "-9217.36530002104\n",
      "-9217.97199388579\n",
      "-9217.32611487099\n",
      "-9218.208425177048\n",
      "-9217.152413531137\n",
      "-9217.976341795467\n",
      "-9218.208425177048\n",
      "-9218.208425177048\n",
      "-9217.97199388579\n",
      "-9217.208131609463\n",
      "-9217.810745708632\n",
      "-9217.175588332226\n",
      "-9217.152413531137\n",
      "-9217.810745708632\n",
      "-9217.152413531137\n",
      "-9217.971993885792\n",
      "-9217.97199388579\n",
      "-9218.224164025898\n",
      "-9217.937094157642\n",
      "-9217.971993885792\n",
      "-9218.20842517705\n",
      "-9217.971993885792\n",
      "-9217.208131609463\n",
      "-9217.152413531137\n",
      "-9217.971993885792\n",
      "-9217.152413531137\n",
      "-9217.208131609463\n",
      "-9217.255270858506\n",
      "-9217.810745708632\n",
      "-9217.084038147013\n",
      "-9217.810745708632\n",
      "-9218.143591124457\n",
      "-9217.36530002104\n",
      "-9218.224164025898\n",
      "-9217.810745708632\n",
      "-9217.810745708632\n",
      "-9217.976341795467\n",
      "-9217.976341795467\n",
      "-9218.40129542935\n",
      "-9217.97199388579\n",
      "-9217.976341795467\n",
      "-9217.976341795467\n",
      "-9217.97199388579\n",
      "-9217.810745708632\n",
      "-9218.224164025898\n",
      "-9217.246845365604\n",
      "-9218.224164025898\n",
      "-9217.15241353114\n",
      "-9217.810745708632\n",
      "-9218.224164025898\n",
      "-9218.208425177048\n",
      "-9217.152413531137\n",
      "-9217.810745708632\n",
      "-9217.152413531137\n",
      "-9218.224164025898\n",
      "-9217.733363731164\n",
      "-9218.145579597865\n",
      "-9217.960455761486\n",
      "-9217.208131609463\n",
      "-9217.15241353114\n",
      "-9217.042713795843\n",
      "-9217.810745708632\n",
      "-9217.976341795467\n",
      "-9217.971993885792\n",
      "-9217.810745708632\n",
      "-9217.97199388579\n",
      "-9217.15241353114\n",
      "-9217.152413531137\n",
      "-9217.281769656627\n",
      "-9218.208425177048\n",
      "-9217.208131609463\n",
      "-9218.224164025898\n",
      "-9218.208425177048\n",
      "-9217.976341795467\n",
      "-9217.976341795467\n",
      "-9217.152413531137\n",
      "-9217.97199388579\n",
      "-9218.224164025898\n",
      "-9218.20842517705\n",
      "-9217.152413531137\n",
      "-9217.365300021042\n",
      "-9217.971993885792\n",
      "-9218.208425177048\n",
      "-9217.97199388579\n",
      "-9217.278021833832\n",
      "-9217.733363731164\n",
      "-9217.037284505439\n",
      "-9217.208131609463\n",
      "-9218.224164025898\n",
      "-9217.810745708632\n",
      "-9218.224164025898\n",
      "-9217.208131609463\n",
      "-9218.208425177048\n",
      "-9217.125136602843\n",
      "-9217.97199388579\n",
      "-9218.224164025898\n",
      "-9217.971993885792\n",
      "-9217.152413531137\n",
      "-9217.810745708632\n",
      "-9217.208131609463\n",
      "-9217.810745708632\n",
      "-9217.978178855867\n",
      "-9217.208131609463\n",
      "-9217.97199388579\n",
      "-9217.810745708632\n",
      "-9217.246845365602\n",
      "-9217.976341795467\n",
      "-9217.976341795467\n",
      "-9217.244898255101\n",
      "-9218.224164025898\n",
      "-9218.224164025898\n",
      "-9217.976341795467\n",
      "-9218.224164025898\n",
      "-9217.810745708632\n",
      "-9217.810745708632\n",
      "-9218.224164025898\n",
      "-9217.152413531137\n",
      "-9217.810745708632\n",
      "-9217.844075678222\n",
      "-9217.208131609463\n",
      "-9217.97199388579\n",
      "-9217.810745708632\n",
      "-9217.52441406092\n",
      "-9217.152413531137\n",
      "-9217.807707700467\n",
      "-9217.984440943867\n",
      "-9218.224164025898\n",
      "-9217.152413531137\n",
      "-9217.208131609463\n",
      "-9218.208425177048\n",
      "-9217.15241353114\n",
      "-9217.86298200262\n",
      "-9217.976341795467\n",
      "-9218.224164025898\n",
      "-9218.224164025898\n",
      "-9218.450292940632\n",
      "-9218.208425177048\n",
      "-9217.246845365604\n",
      "-9218.143591124457\n",
      "-9217.971993885792\n",
      "-9218.224164025898\n",
      "-9217.976341795467\n",
      "-9217.976341795467\n",
      "-9217.810745708632\n",
      "-9217.874075836462\n",
      "-9217.152413531137\n",
      "-9218.224164025898\n",
      "-9217.32611487099\n",
      "-9217.810745708632\n",
      "-9218.224164025898\n",
      "-9217.976341795467\n",
      "-9217.810745708632\n",
      "-9217.810745708632\n",
      "-9217.152413531137\n",
      "-9217.976341795467\n",
      "-9218.224164025898\n",
      "-9217.911953539371\n",
      "-9217.810745708632\n",
      "-9217.152413531137\n",
      "-9218.224164025898\n",
      "-9217.152413531137\n",
      "-9217.97199388579\n",
      "-9217.15241353114\n",
      "-9217.810745708632\n",
      "-9217.810745708632\n",
      "-9217.97199388579\n",
      "-9217.976341795467\n",
      "-9217.36530002104\n",
      "-9217.131021791618\n",
      "-9218.20842517705\n",
      "-9217.36530002104\n",
      "-9217.208131609463\n",
      "-9217.810745708632\n",
      "-9218.224164025898\n",
      "-9217.810745708632\n",
      "-9218.224164025898\n",
      "-9217.170180898573\n",
      "-9218.45079209935\n",
      "-9217.152413531137\n",
      "-9218.224164025898\n",
      "-9217.971993885792\n",
      "-9218.20842517705\n",
      "-9217.152413531137\n",
      "-9217.976341795467\n",
      "-9217.301064489331\n",
      "-9218.208425177048\n",
      "-9217.152413531137\n",
      "-9217.976341795467\n",
      "-9218.208425177048\n",
      "-9218.20842517705\n",
      "-9217.136891996119\n",
      "-9217.208131609463\n",
      "-9217.976341795467\n",
      "-9217.152413531137\n",
      "-9218.224164025898\n",
      "-9218.400433715684\n",
      "-9218.208425177048\n",
      "-9218.208425177048\n",
      "-9218.208425177048\n",
      "-9217.976341795467\n",
      "-9217.976341795467\n",
      "-9217.242124045073\n",
      "-9217.36530002104\n",
      "-9217.64454558667\n",
      "-9217.97199388579\n",
      "-9217.208131609463\n",
      "-9217.152413531137\n",
      "-9217.152413531137\n",
      "-9217.971993885792\n",
      "-9217.15241353114\n",
      "-9218.224164025898\n",
      "-9218.208425177048\n",
      "-9217.810745708632\n",
      "-9217.152413531137\n",
      "-9217.15241353114\n",
      "-9217.208131609463\n",
      "-9218.224164025898\n",
      "-9217.208131609463\n",
      "-9218.208425177048\n",
      "-9218.08458833432\n",
      "-9217.844075678222\n",
      "-9217.810745708632\n",
      "-9217.810745708632\n",
      "-9218.106709832839\n",
      "-9218.208425177048\n",
      "-9217.15241353114\n",
      "-9217.152413531137\n",
      "-9217.810745708632\n",
      "-9218.224164025898\n",
      "-9217.618087502547\n",
      "-9218.224164025898\n",
      "-9217.208131609463\n",
      "-9217.976341795467\n",
      "-9217.152413531137\n",
      "-9218.224164025898\n",
      "-9217.810745708632\n",
      "-9217.152413531137\n",
      "-9218.208425177048\n",
      "-9217.810745708632\n",
      "-9217.1004670197\n",
      "-9217.152413531137\n",
      "-9217.896473004235\n",
      "-9217.810745708632\n",
      "-9217.874315565932\n",
      "-9217.810745708632\n",
      "-9217.152413531137\n",
      "-9218.208425177048\n",
      "-9217.300416974897\n",
      "-9217.15241353114\n",
      "-9218.224164025898\n",
      "-9218.224164025898\n",
      "-9217.810745708632\n",
      "-9217.961163725095\n",
      "-9217.971993885792\n",
      "-9218.208425177048\n",
      "-9217.152413531137\n",
      "-9217.976341795467\n",
      "-9217.976341795467\n",
      "-9217.113015418912\n",
      "-9217.711750207996\n",
      "-9217.810745708632\n",
      "-9217.810745708632\n",
      "-9218.224164025898\n",
      "-9218.224164025898\n",
      "-9217.976341795467\n",
      "-9217.152413531137\n",
      "-9217.976341795467\n",
      "-9217.251601338337\n",
      "-9217.15241353114\n",
      "-9217.976341795467\n",
      "-9217.976341795467\n",
      "-9217.810745708632\n",
      "-9217.971993885792\n",
      "-9218.224164025898\n",
      "-9217.942535674938\n",
      "-9217.896473004235\n",
      "-9218.224164025898\n",
      "-9217.976341795467\n",
      "-9217.976341795467\n",
      "-9217.208131609463\n",
      "-9217.36530002104\n",
      "-9217.976341795467\n",
      "-9217.208131609463\n",
      "-9217.97199388579\n",
      "-9217.976341795467\n",
      "-9217.868012891511\n",
      "-9217.810745708632\n",
      "-9218.143591124457\n",
      "-9218.139734502469\n",
      "-9217.97199388579\n",
      "-9217.810745708632\n",
      "-9217.810745708632\n",
      "-9217.971993885792\n",
      "-9218.110828409346\n",
      "-9218.224164025898\n",
      "-9217.97199388579\n",
      "-9217.971993885792\n",
      "-9218.15123046097\n",
      "-9217.810745708632\n",
      "-9217.976341795467\n",
      "-9217.365300021042\n",
      "-9217.810745708632\n",
      "-9217.32611487099\n",
      "-9217.733363731164\n",
      "-9217.208131609463\n",
      "-9217.971993885792\n",
      "-9217.97199388579\n",
      "-9218.224164025898\n",
      "-9217.810745708632\n",
      "-9217.36530002104\n",
      "-9217.796321778287\n",
      "-9217.976341795467\n",
      "-9217.976341795467\n",
      "{'A,亚菜': array([[6.8626635 , 7.05793368, 6.83135157],\n",
      "       [8.55550073, 8.45655421, 8.50798773],\n",
      "       [7.67642312, 7.69989475, 7.60426278]]), 'A,助餐': array([[8.57744202, 8.47630358, 8.53267744],\n",
      "       [6.88891788, 7.07654367, 6.85510001],\n",
      "       [7.7083326 , 7.72717382, 7.6353295 ]]), 'A,北菜': array([[8.55588628, 8.45692739, 8.50842232],\n",
      "       [6.8626635 , 7.05793368, 6.83135157],\n",
      "       [7.67670933, 7.70011396, 7.60453191]]), 'A,南菜': array([[8.57887245, 8.47742072, 8.5336716 ],\n",
      "       [6.88983156, 7.07779292, 6.85650235],\n",
      "       [7.71013274, 7.72834513, 7.6370177 ]]), 'A,啡厅': array([[7.7083326 , 7.72717382, 7.6353295 ],\n",
      "       [8.57744202, 8.47630358, 8.53267744],\n",
      "       [6.88891788, 7.07654367, 6.85510001]]), 'A,川菜': array([[7.67337833, 7.69792251, 7.60152525],\n",
      "       [8.55394929, 8.45430771, 8.50593389],\n",
      "       [6.86042774, 7.05625664, 6.82926408]]), 'A,州菜': array([[6.88902   , 7.07669855, 6.85513601],\n",
      "       [8.57744202, 8.47630358, 8.53267744],\n",
      "       [7.70840485, 7.72717863, 7.63544192]]), 'A,常菜': array([[7.7083326 , 7.72717382, 7.6353295 ],\n",
      "       [6.88891788, 7.07654367, 6.85510001],\n",
      "       [8.57744202, 8.47630358, 8.53267744]]), 'A,快餐': array([[7.67337833, 7.69792251, 7.60152525],\n",
      "       [8.55394929, 8.45430771, 8.50593389],\n",
      "       [6.86042774, 7.05625664, 6.82926408]]), 'A,料理': array([[8.57538117, 8.47420618, 8.53080151],\n",
      "       [6.88824188, 7.07593629, 6.85468458],\n",
      "       [7.70662944, 7.725986  , 7.63328016]]), 'A,本菜': array([[7.71009556, 7.72849938, 7.63713502],\n",
      "       [6.88983156, 7.07779292, 6.85650235],\n",
      "       [8.57917665, 8.47738616, 8.53373749]]), 'A,浙菜': array([[8.55616145, 8.45763165, 8.50916867],\n",
      "       [6.86280053, 7.05795244, 6.83133421],\n",
      "       [7.6772795 , 7.70035911, 7.60491373]]), 'A,海鲜': array([[6.88891788, 7.07654367, 6.85510001],\n",
      "       [7.7083326 , 7.72717382, 7.6353295 ],\n",
      "       [8.57744202, 8.47630358, 8.53267744]]), 'A,湘菜': array([[6.86170551, 7.05720339, 6.8305482 ],\n",
      "       [8.55523124, 8.45629748, 8.50782354],\n",
      "       [7.67571404, 7.69932539, 7.60343438]]), 'A,湾菜': array([[6.88983156, 7.07779292, 6.85650235],\n",
      "       [7.71013274, 7.72834513, 7.6370177 ],\n",
      "       [8.57887245, 8.47742072, 8.5336716 ]]), 'A,火锅': array([[8.57917665, 8.47738616, 8.53373749],\n",
      "       [7.71009556, 7.72849938, 7.63713502],\n",
      "       [6.88983156, 7.07779292, 6.85650235]]), 'A,烧烤': array([[7.67670933, 7.70011396, 7.60453191],\n",
      "       [8.55588628, 8.45692739, 8.50842232],\n",
      "       [6.8626635 , 7.05793368, 6.83135157]]), 'A,甜点': array([[6.86042774, 7.05625664, 6.82926408],\n",
      "       [8.55394929, 8.45430771, 8.50593389],\n",
      "       [7.67337833, 7.69792251, 7.60152525]]), 'A,疆菜': array([[6.8626635 , 7.05793368, 6.83135157],\n",
      "       [8.55588628, 8.45692739, 8.50842232],\n",
      "       [7.67670933, 7.70011396, 7.60453191]]), 'A,粤菜': array([[7.67337833, 7.69792251, 7.60152525],\n",
      "       [8.55394929, 8.45430771, 8.50593389],\n",
      "       [6.86042774, 7.05625664, 6.82926408]]), 'A,素菜': array([[7.67337833, 7.69792251, 7.60152525],\n",
      "       [8.55394929, 8.45430771, 8.50593389],\n",
      "       [6.86042774, 7.05625664, 6.82926408]]), 'A,美食': array([[8.55588628, 8.45692739, 8.50842232],\n",
      "       [6.8626635 , 7.05793368, 6.83135157],\n",
      "       [7.67670933, 7.70011396, 7.60453191]]), 'A,蟹宴': array([[7.70840485, 7.72717863, 7.63544192],\n",
      "       [8.57744202, 8.47630358, 8.53267744],\n",
      "       [6.88902   , 7.07669855, 6.85513601]]), 'A,西菜': array([[7.71009556, 7.72849938, 7.63713502],\n",
      "       [6.88983156, 7.07779292, 6.85650235],\n",
      "       [8.57917665, 8.47738616, 8.53373749]]), 'A,西餐': array([[7.71009556, 7.72849938, 7.63713502],\n",
      "       [8.57917665, 8.47738616, 8.53373749],\n",
      "       [6.88983156, 7.07779292, 6.85650235]]), 'A,面馆': array([[7.6772795 , 7.70035911, 7.60491373],\n",
      "       [6.86280053, 7.05795244, 6.83133421],\n",
      "       [8.55616145, 8.45763165, 8.50916867]]), 'A,龙虾': array([[7.67337833, 7.69792251, 7.60152525],\n",
      "       [8.55394929, 8.45430771, 8.50593389],\n",
      "       [6.86042774, 7.05625664, 6.82926408]]), 'B,亚菜': array([[8.57887245, 8.47742072, 8.5336716 ],\n",
      "       [6.88983156, 7.07779292, 6.85650235],\n",
      "       [7.71013274, 7.72834513, 7.6370177 ]]), 'B,助餐': array([[8.57744202, 8.47630358, 8.53267744],\n",
      "       [6.88891788, 7.07654367, 6.85510001],\n",
      "       [7.7083326 , 7.72717382, 7.6353295 ]]), 'B,北菜': array([[8.55616145, 8.45763165, 8.50916867],\n",
      "       [6.86280053, 7.05795244, 6.83133421],\n",
      "       [7.6772795 , 7.70035911, 7.60491373]]), 'B,午茶': array([[7.7083326 , 7.72717382, 7.6353295 ],\n",
      "       [6.88891788, 7.07654367, 6.85510001],\n",
      "       [8.57744202, 8.47630358, 8.53267744]]), 'B,南菜': array([[8.55523124, 8.45629748, 8.50782354],\n",
      "       [6.86201879, 7.05770605, 6.83079772],\n",
      "       [7.67600596, 7.69938634, 7.60374332]]), 'B,啡厅': array([[8.55394929, 8.45430771, 8.50593389],\n",
      "       [7.67337833, 7.69792251, 7.60152525],\n",
      "       [6.86042774, 7.05625664, 6.82926408]]), 'B,川菜': array([[7.71009556, 7.72849938, 7.63713502],\n",
      "       [6.88983156, 7.07779292, 6.85650235],\n",
      "       [8.57917665, 8.47738616, 8.53373749]]), 'B,常菜': array([[8.55616145, 8.45763165, 8.50916867],\n",
      "       [7.6772795 , 7.70035911, 7.60491373],\n",
      "       [6.86280053, 7.05795244, 6.83133421]]), 'B,快餐': array([[7.70353959, 7.72272928, 7.63010857],\n",
      "       [6.88418675, 7.07413404, 6.85104167],\n",
      "       [8.57410764, 8.47269939, 8.52948968]]), 'B,料理': array([[8.55616145, 8.45763165, 8.50916867],\n",
      "       [7.6772795 , 7.70035911, 7.60491373],\n",
      "       [6.86280053, 7.05795244, 6.83133421]]), 'B,本菜': array([[6.86042774, 7.05625664, 6.82926408],\n",
      "       [7.67337833, 7.69792251, 7.60152525],\n",
      "       [8.55394929, 8.45430771, 8.50593389]]), 'B,浙菜': array([[6.86042774, 7.05625664, 6.82926408],\n",
      "       [7.67337833, 7.69792251, 7.60152525],\n",
      "       [8.55394929, 8.45430771, 8.50593389]]), 'B,海鲜': array([[6.86280053, 7.05795244, 6.83133421],\n",
      "       [8.55616145, 8.45763165, 8.50916867],\n",
      "       [7.6772795 , 7.70035911, 7.60491373]]), 'B,湘菜': array([[6.88891788, 7.07654367, 6.85510001],\n",
      "       [8.57744202, 8.47630358, 8.53267744],\n",
      "       [7.7083326 , 7.72717382, 7.6353295 ]]), 'B,湾菜': array([[6.88891788, 7.07654367, 6.85510001],\n",
      "       [8.57744202, 8.47630358, 8.53267744],\n",
      "       [7.7083326 , 7.72717382, 7.6353295 ]]), 'B,火锅': array([[6.88983156, 7.07779292, 6.85650235],\n",
      "       [7.71013274, 7.72834513, 7.6370177 ],\n",
      "       [8.57887245, 8.47742072, 8.5336716 ]]), 'B,烧烤': array([[8.57744202, 8.47630358, 8.53267744],\n",
      "       [6.88902   , 7.07669855, 6.85513601],\n",
      "       [7.70840485, 7.72717863, 7.63544192]]), 'B,甜点': array([[6.88983156, 7.07779292, 6.85650235],\n",
      "       [7.71013274, 7.72834513, 7.6370177 ],\n",
      "       [8.57887245, 8.47742072, 8.5336716 ]]), 'B,疆菜': array([[8.55496936, 8.45630163, 8.50759392],\n",
      "       [7.67565507, 7.69912365, 7.60334765],\n",
      "       [6.86170551, 7.05720339, 6.8305482 ]]), 'B,粤菜': array([[6.86084881, 7.05713528, 6.82980106],\n",
      "       [8.55384922, 8.45423414, 8.5059331 ],\n",
      "       [7.67394471, 7.69799912, 7.60190434]]), 'B,素菜': array([[7.67571404, 7.69932539, 7.60343438],\n",
      "       [8.55523124, 8.45629748, 8.50782354],\n",
      "       [6.86170551, 7.05720339, 6.8305482 ]]), 'B,美食': array([[6.88891788, 7.07654367, 6.85510001],\n",
      "       [7.7083326 , 7.72717382, 7.6353295 ],\n",
      "       [8.57744202, 8.47630358, 8.53267744]]), 'B,蟹宴': array([[7.67600596, 7.69938634, 7.60374332],\n",
      "       [8.55523124, 8.45629748, 8.50782354],\n",
      "       [6.86201879, 7.05770605, 6.83079772]]), 'B,西菜': array([[8.57887245, 8.47742072, 8.5336716 ],\n",
      "       [6.88983156, 7.07779292, 6.85650235],\n",
      "       [7.71013274, 7.72834513, 7.6370177 ]]), 'B,西餐': array([[7.6772795 , 7.70035911, 7.60491373],\n",
      "       [8.55616145, 8.45763165, 8.50916867],\n",
      "       [6.86280053, 7.05795244, 6.83133421]]), 'B,龙虾': array([[7.70840485, 7.72717863, 7.63544192],\n",
      "       [6.88902   , 7.07669855, 6.85513601],\n",
      "       [8.57744202, 8.47630358, 8.53267744]]), 'C,亚菜': array([[6.88983156, 7.07779292, 6.85650235],\n",
      "       [8.57887245, 8.47742072, 8.5336716 ],\n",
      "       [7.71013274, 7.72834513, 7.6370177 ]]), 'C,助餐': array([[7.71013274, 7.72834513, 7.6370177 ],\n",
      "       [6.88983156, 7.07779292, 6.85650235],\n",
      "       [8.57887245, 8.47742072, 8.5336716 ]]), 'C,北菜': array([[7.7083326 , 7.72717382, 7.6353295 ],\n",
      "       [6.88891788, 7.07654367, 6.85510001],\n",
      "       [8.57744202, 8.47630358, 8.53267744]]), 'C,南菜': array([[8.55588628, 8.45692739, 8.50842232],\n",
      "       [6.8626635 , 7.05793368, 6.83135157],\n",
      "       [7.67670933, 7.70011396, 7.60453191]]), 'C,啡厅': array([[7.67337833, 7.69792251, 7.60152525],\n",
      "       [8.55394929, 8.45430771, 8.50593389],\n",
      "       [6.86042774, 7.05625664, 6.82926408]]), 'C,川菜': array([[7.6769278 , 7.70035051, 7.60474062],\n",
      "       [8.55611059, 8.45713904, 8.50882864],\n",
      "       [6.86280053, 7.05795244, 6.83133421]]), 'C,州菜': array([[7.6772795 , 7.70035911, 7.60491373],\n",
      "       [8.55616145, 8.45763165, 8.50916867],\n",
      "       [6.86280053, 7.05795244, 6.83133421]]), 'C,常菜': array([[8.55394929, 8.45430771, 8.50593389],\n",
      "       [7.67337833, 7.69792251, 7.60152525],\n",
      "       [6.86042774, 7.05625664, 6.82926408]]), 'C,快餐': array([[6.86280053, 7.05795244, 6.83133421],\n",
      "       [8.55616145, 8.45763165, 8.50916867],\n",
      "       [7.6772795 , 7.70035911, 7.60491373]]), 'C,料理': array([[8.57744202, 8.47630358, 8.53267744],\n",
      "       [6.88891788, 7.07654367, 6.85510001],\n",
      "       [7.7083326 , 7.72717382, 7.6353295 ]]), 'C,本菜': array([[7.7083326 , 7.72717382, 7.6353295 ],\n",
      "       [6.88891788, 7.07654367, 6.85510001],\n",
      "       [8.57744202, 8.47630358, 8.53267744]]), 'C,浙菜': array([[8.57917665, 8.47738616, 8.53373749],\n",
      "       [7.71009556, 7.72849938, 7.63713502],\n",
      "       [6.88983156, 7.07779292, 6.85650235]]), 'C,海鲜': array([[7.70807866, 7.72695544, 7.63506954],\n",
      "       [6.88917308, 7.07670723, 6.85537621],\n",
      "       [8.57678922, 8.4757648 , 8.53193938]]), 'C,湘菜': array([[8.57744202, 8.47630358, 8.53267744],\n",
      "       [6.88891788, 7.07654367, 6.85510001],\n",
      "       [7.7083326 , 7.72717382, 7.6353295 ]]), 'C,湾菜': array([[7.71013274, 7.72834513, 7.6370177 ],\n",
      "       [6.88983156, 7.07779292, 6.85650235],\n",
      "       [8.57887245, 8.47742072, 8.5336716 ]]), 'C,火锅': array([[7.7083326 , 7.72717382, 7.6353295 ],\n",
      "       [6.88891788, 7.07654367, 6.85510001],\n",
      "       [8.57744202, 8.47630358, 8.53267744]]), 'C,烧烤': array([[8.55588628, 8.45692739, 8.50842232],\n",
      "       [7.67670933, 7.70011396, 7.60453191],\n",
      "       [6.8626635 , 7.05793368, 6.83135157]]), 'C,甜点': array([[6.86280053, 7.05795244, 6.83133421],\n",
      "       [8.55616145, 8.45763165, 8.50916867],\n",
      "       [7.6772795 , 7.70035911, 7.60491373]]), 'C,疆菜': array([[8.57744202, 8.47630358, 8.53267744],\n",
      "       [6.88891788, 7.07654367, 6.85510001],\n",
      "       [7.7083326 , 7.72717382, 7.6353295 ]]), 'C,粤菜': array([[7.6772795 , 7.70035911, 7.60491373],\n",
      "       [8.55616145, 8.45763165, 8.50916867],\n",
      "       [6.86280053, 7.05795244, 6.83133421]]), 'C,素菜': array([[7.67670933, 7.70011396, 7.60453191],\n",
      "       [8.55588628, 8.45692739, 8.50842232],\n",
      "       [6.8626635 , 7.05793368, 6.83135157]]), 'C,美食': array([[6.86835937, 7.06338542, 6.83661458],\n",
      "       [8.55896125, 8.46014532, 8.51236545],\n",
      "       [7.68344633, 7.70459628, 7.61072466]]), 'C,蟹宴': array([[8.55394929, 8.45430771, 8.50593389],\n",
      "       [7.67337833, 7.69792251, 7.60152525],\n",
      "       [6.86042774, 7.05625664, 6.82926408]]), 'C,西菜': array([[6.86372265, 7.05870024, 6.83201951],\n",
      "       [8.55656363, 8.45807574, 8.50984879],\n",
      "       [7.67823839, 7.70106924, 7.60581069]]), 'C,西餐': array([[7.67337833, 7.69792251, 7.60152525],\n",
      "       [8.55394929, 8.45430771, 8.50593389],\n",
      "       [6.86042774, 7.05625664, 6.82926408]]), 'C,面馆': array([[8.57859456, 8.47689058, 8.53338966],\n",
      "       [6.88972739, 7.07753408, 6.85628253],\n",
      "       [7.70963002, 7.72823509, 7.6365994 ]]), 'C,龙虾': array([[8.55523124, 8.45629748, 8.50782354],\n",
      "       [7.67571404, 7.69932539, 7.60343438],\n",
      "       [6.86170551, 7.05720339, 6.8305482 ]]), 'D,亚菜': array([[6.88983156, 7.07779292, 6.85650235],\n",
      "       [7.71009556, 7.72849938, 7.63713502],\n",
      "       [8.57917665, 8.47738616, 8.53373749]]), 'D,助餐': array([[6.86042774, 7.05625664, 6.82926408],\n",
      "       [8.55394929, 8.45430771, 8.50593389],\n",
      "       [7.67337833, 7.69792251, 7.60152525]]), 'D,北菜': array([[6.86042774, 7.05625664, 6.82926408],\n",
      "       [7.67337833, 7.69792251, 7.60152525],\n",
      "       [8.55394929, 8.45430771, 8.50593389]]), 'D,南菜': array([[7.70840485, 7.72717863, 7.63544192],\n",
      "       [6.88902   , 7.07669855, 6.85513601],\n",
      "       [8.57744202, 8.47630358, 8.53267744]]), 'D,啡厅': array([[7.70840485, 7.72717863, 7.63544192],\n",
      "       [6.88902   , 7.07669855, 6.85513601],\n",
      "       [8.57744202, 8.47630358, 8.53267744]]), 'D,川菜': array([[8.57080857, 8.46888735, 8.52550104],\n",
      "       [7.69561334, 7.71567288, 7.62260748],\n",
      "       [6.87555356, 7.06906438, 6.84299245]]), 'D,州菜': array([[7.7083326 , 7.72717382, 7.6353295 ],\n",
      "       [6.88891788, 7.07654367, 6.85510001],\n",
      "       [8.57744202, 8.47630358, 8.53267744]]), 'D,快餐': array([[6.88902   , 7.07669855, 6.85513601],\n",
      "       [7.70840485, 7.72717863, 7.63544192],\n",
      "       [8.57744202, 8.47630358, 8.53267744]]), 'D,料理': array([[8.57744202, 8.47630358, 8.53267744],\n",
      "       [6.88902   , 7.07669855, 6.85513601],\n",
      "       [7.70840485, 7.72717863, 7.63544192]]), 'D,本菜': array([[6.88891788, 7.07654367, 6.85510001],\n",
      "       [8.57744202, 8.47630358, 8.53267744],\n",
      "       [7.7083326 , 7.72717382, 7.6353295 ]]), 'D,浙菜': array([[7.67337833, 7.69792251, 7.60152525],\n",
      "       [8.55394929, 8.45430771, 8.50593389],\n",
      "       [6.86042774, 7.05625664, 6.82926408]]), 'D,海鲜': array([[6.88983156, 7.07779292, 6.85650235],\n",
      "       [7.71009556, 7.72849938, 7.63713502],\n",
      "       [8.57917665, 8.47738616, 8.53373749]]), 'D,湘菜': array([[7.67642312, 7.69989475, 7.60426278],\n",
      "       [6.8626635 , 7.05793368, 6.83135157],\n",
      "       [8.55550073, 8.45655421, 8.50798773]]), 'D,湾菜': array([[6.88983156, 7.07779292, 6.85650235],\n",
      "       [7.71009556, 7.72849938, 7.63713502],\n",
      "       [8.57917665, 8.47738616, 8.53373749]]), 'D,火锅': array([[6.86280053, 7.05795244, 6.83133421],\n",
      "       [8.55616145, 8.45763165, 8.50916867],\n",
      "       [7.6772795 , 7.70035911, 7.60491373]]), 'D,烧烤': array([[7.67337833, 7.69792251, 7.60152525],\n",
      "       [8.55394929, 8.45430771, 8.50593389],\n",
      "       [6.86042774, 7.05625664, 6.82926408]]), 'D,甜点': array([[7.71009556, 7.72849938, 7.63713502],\n",
      "       [8.57917665, 8.47738616, 8.53373749],\n",
      "       [6.88983156, 7.07779292, 6.85650235]]), 'D,疆菜': array([[6.88983156, 7.07779292, 6.85650235],\n",
      "       [7.71013274, 7.72834513, 7.6370177 ],\n",
      "       [8.57887245, 8.47742072, 8.5336716 ]]), 'D,粤菜': array([[8.55616145, 8.45763165, 8.50916867],\n",
      "       [7.6772795 , 7.70035911, 7.60491373],\n",
      "       [6.86280053, 7.05795244, 6.83133421]]), 'D,素菜': array([[8.55394929, 8.45430771, 8.50593389],\n",
      "       [6.86042774, 7.05625664, 6.82926408],\n",
      "       [7.67337833, 7.69792251, 7.60152525]]), 'D,美食': array([[8.55616145, 8.45763165, 8.50916867],\n",
      "       [6.86280053, 7.05795244, 6.83133421],\n",
      "       [7.6772795 , 7.70035911, 7.60491373]]), 'D,蟹宴': array([[7.71009556, 7.72849938, 7.63713502],\n",
      "       [6.88983156, 7.07779292, 6.85650235],\n",
      "       [8.57917665, 8.47738616, 8.53373749]]), 'D,西菜': array([[6.86041971, 7.05639527, 6.82930004],\n",
      "       [8.55407201, 8.45482928, 8.50633719],\n",
      "       [7.67383685, 7.69794094, 7.60177867]]), 'D,西餐': array([[7.70953223, 7.72821646, 7.63666991],\n",
      "       [8.57914318, 8.47709977, 8.53351184],\n",
      "       [6.88931052, 7.07735615, 6.85605159]]), 'D,面馆': array([[7.7082847 , 7.72694076, 7.63509284],\n",
      "       [6.88847588, 7.07646693, 6.85494779],\n",
      "       [8.57744202, 8.47630358, 8.53267744]]), 'D,龙虾': array([[7.67670933, 7.70011396, 7.60453191],\n",
      "       [8.55588628, 8.45692739, 8.50842232],\n",
      "       [6.8626635 , 7.05793368, 6.83135157]]), 'E,亚菜': array([[8.55616145, 8.45763165, 8.50916867],\n",
      "       [6.86280053, 7.05795244, 6.83133421],\n",
      "       [7.6772795 , 7.70035911, 7.60491373]]), 'E,助餐': array([[7.67966798, 7.70234163, 7.60721713],\n",
      "       [8.55866613, 8.45987629, 8.51207476],\n",
      "       [6.86378015, 7.0586925 , 6.83210755]]), 'E,北菜': array([[7.67337833, 7.69792251, 7.60152525],\n",
      "       [8.55394929, 8.45430771, 8.50593389],\n",
      "       [6.86042774, 7.05625664, 6.82926408]]), 'E,南菜': array([[6.88902   , 7.07669855, 6.85513601],\n",
      "       [8.57744202, 8.47630358, 8.53267744],\n",
      "       [7.70840485, 7.72717863, 7.63544192]]), 'E,啡厅': array([[8.57744202, 8.47630358, 8.53267744],\n",
      "       [6.88891788, 7.07654367, 6.85510001],\n",
      "       [7.7083326 , 7.72717382, 7.6353295 ]]), 'E,川菜': array([[7.67337833, 7.69792251, 7.60152525],\n",
      "       [8.55394929, 8.45430771, 8.50593389],\n",
      "       [6.86042774, 7.05625664, 6.82926408]]), 'E,州菜': array([[8.57744202, 8.47630358, 8.53267744],\n",
      "       [6.88891788, 7.07654367, 6.85510001],\n",
      "       [7.7083326 , 7.72717382, 7.6353295 ]]), 'E,常菜': array([[6.86280053, 7.05795244, 6.83133421],\n",
      "       [8.55616145, 8.45763165, 8.50916867],\n",
      "       [7.6772795 , 7.70035911, 7.60491373]]), 'E,快餐': array([[7.6772795 , 7.70035911, 7.60491373],\n",
      "       [8.55616145, 8.45763165, 8.50916867],\n",
      "       [6.86280053, 7.05795244, 6.83133421]]), 'E,料理': array([[7.68370831, 7.70561149, 7.61144183],\n",
      "       [6.86729814, 7.06207212, 6.83513196],\n",
      "       [8.56152597, 8.46176948, 8.51494859]]), 'E,本菜': array([[7.71013274, 7.72834513, 7.6370177 ],\n",
      "       [6.88983156, 7.07779292, 6.85650235],\n",
      "       [8.57887245, 8.47742072, 8.5336716 ]]), 'E,浙菜': array([[8.55588628, 8.45692739, 8.50842232],\n",
      "       [6.8626635 , 7.05793368, 6.83135157],\n",
      "       [7.67670933, 7.70011396, 7.60453191]]), 'E,海鲜': array([[8.57917665, 8.47738616, 8.53373749],\n",
      "       [6.88983156, 7.07779292, 6.85650235],\n",
      "       [7.71009556, 7.72849938, 7.63713502]]), 'E,湘菜': array([[7.71013274, 7.72834513, 7.6370177 ],\n",
      "       [6.88983156, 7.07779292, 6.85650235],\n",
      "       [8.57887245, 8.47742072, 8.5336716 ]]), 'E,湾菜': array([[6.88902   , 7.07669855, 6.85513601],\n",
      "       [7.70840485, 7.72717863, 7.63544192],\n",
      "       [8.57744202, 8.47630358, 8.53267744]]), 'E,火锅': array([[7.70840485, 7.72717863, 7.63544192],\n",
      "       [6.88902   , 7.07669855, 6.85513601],\n",
      "       [8.57744202, 8.47630358, 8.53267744]]), 'E,烧烤': array([[7.6772795 , 7.70035911, 7.60491373],\n",
      "       [8.55616145, 8.45763165, 8.50916867],\n",
      "       [6.86280053, 7.05795244, 6.83133421]]), 'E,甜点': array([[6.88891788, 7.07654367, 6.85510001],\n",
      "       [8.57744202, 8.47630358, 8.53267744],\n",
      "       [7.7083326 , 7.72717382, 7.6353295 ]]), 'E,疆菜': array([[7.71009556, 7.72849938, 7.63713502],\n",
      "       [6.88983156, 7.07779292, 6.85650235],\n",
      "       [8.57917665, 8.47738616, 8.53373749]]), 'E,粤菜': array([[7.71013274, 7.72834513, 7.6370177 ],\n",
      "       [6.88983156, 7.07779292, 6.85650235],\n",
      "       [8.57887245, 8.47742072, 8.5336716 ]]), 'E,素菜': array([[7.6772795 , 7.70035911, 7.60491373],\n",
      "       [8.55616145, 8.45763165, 8.50916867],\n",
      "       [6.86280053, 7.05795244, 6.83133421]]), 'E,美食': array([[6.86170551, 7.05720339, 6.8305482 ],\n",
      "       [8.55523124, 8.45629748, 8.50782354],\n",
      "       [7.67571404, 7.69932539, 7.60343438]]), 'E,蟹宴': array([[7.7083326 , 7.72717382, 7.6353295 ],\n",
      "       [6.88891788, 7.07654367, 6.85510001],\n",
      "       [8.57744202, 8.47630358, 8.53267744]]), 'E,西菜': array([[6.88983156, 7.07779292, 6.85650235],\n",
      "       [8.57887245, 8.47742072, 8.5336716 ],\n",
      "       [7.71013274, 7.72834513, 7.6370177 ]]), 'E,西餐': array([[7.7083326 , 7.72717382, 7.6353295 ],\n",
      "       [6.88891788, 7.07654367, 6.85510001],\n",
      "       [8.57744202, 8.47630358, 8.53267744]]), 'E,面馆': array([[8.55967394, 8.46042846, 8.51304231],\n",
      "       [7.68374835, 7.70520018, 7.61116586],\n",
      "       [6.86857589, 7.06336891, 6.83668316]]), 'E,龙虾': array([[6.86041971, 7.05639527, 6.82930004],\n",
      "       [8.55407201, 8.45482928, 8.50633719],\n",
      "       [7.67383685, 7.69794094, 7.60177867]]), 'F,亚菜': array([[7.67914078, 7.70181993, 7.60688599],\n",
      "       [8.55789827, 8.45928063, 8.51107234],\n",
      "       [6.86392147, 7.05883516, 6.83212544]]), 'F,助餐': array([[7.67670933, 7.70011396, 7.60453191],\n",
      "       [8.55588628, 8.45692739, 8.50842232],\n",
      "       [6.8626635 , 7.05793368, 6.83135157]]), 'F,北菜': array([[7.71009556, 7.72849938, 7.63713502],\n",
      "       [6.88983156, 7.07779292, 6.85650235],\n",
      "       [8.57917665, 8.47738616, 8.53373749]]), 'F,南菜': array([[7.67337833, 7.69792251, 7.60152525],\n",
      "       [8.55394929, 8.45430771, 8.50593389],\n",
