{"A,亚菜": [[6.8691370627467006, 6.9961208656594565, 6.867639853001224], [7.54906135668446, 7.585773406105679, 7.515869969411623], [8.48825448613377, 8.395160413268083, 8.440696030451331]], "A,助餐": [[6.905523949348506, 7.027448461491409, 6.903333945066373], [7.604417107527567, 7.633360953534323, 7.566855758811907], [8.522144030025803, 8.425357729298618, 8.476683087027913]], "A,北菜": [[8.48825448613377, 8.395160413268083, 8.440696030451331], [6.8691370627467006, 6.9961208656594565, 6.867639853001224], [7.54906135668446, 7.585773406105679, 7.515869969411623]], "A,南菜": [[7.6052866242038215, 7.634273885350318, 7.567624203821656], [6.905850348453358, 7.027588947304075, 6.903521212862207], [8.523189087488241, 8.426234713076202, 8.478116180620884]], "A,啡厅": [[7.549550305792061, 7.586179398009353, 7.516608706079865], [8.489151508550268, 8.395675852303674, 8.441313582398429], [6.869332789226689, 6.996470108141199, 6.867693667958919]], "A,川菜": [[6.869321273122961, 6.996558759521222, 6.867689064200217], [8.490244434744653, 8.396224356176345, 8.44213225665648], [7.549958068767221, 7.5866598778004075, 7.51714388403019]], "A,州菜": [[7.549550305792061, 7.586179398009353, 7.516608706079865], [8.489151508550268, 8.395675852303674, 8.441313582398429], [6.869332789226689, 6.996470108141199, 6.867693667958919]], "A,常菜": [[8.52161592505855, 8.424496487119441, 8.475901639344261], [6.904822894962619, 7.02731952445153, 6.902451280794215], [7.6033239938869075, 7.632138308711156, 7.5661614875191034]], "A,快餐": [[6.900148671250698, 7.025144025274116, 6.898823019265316], [7.599425722579831, 7.627161428751735, 7.561289915436072], [8.51982969788872, 8.422395894086087, 8.474687973871456]], "A,料理": [[6.8691370627467006, 6.9961208656594565, 6.867639853001224], [8.48825448613377, 8.395160413268083, 8.440696030451331], [7.54906135668446, 7.585773406105679, 7.515869969411623]], "A,本菜": [[7.6052866242038215, 7.634273885350318, 7.567624203821656], [6.905850348453358, 7.027588947304075, 6.903521212862207], [8.523189087488241, 8.426234713076202, 8.478116180620884]], "A,浙菜": [[6.869316558993541, 6.996572594355665, 6.867745664739884], [8.490244434744653, 8.396224356176345, 8.44213225665648], [7.550002995267477, 7.586683040795543, 7.517132929970646]], "A,海鲜": [[8.523189087488241, 8.426234713076202, 8.478116180620884], [6.905850348453358, 7.027588947304075, 6.903521212862207], [7.6052866242038215, 7.634273885350318, 7.567624203821656]], "A,湘菜": [[7.549247015059699, 7.585882282354353, 7.516193676126478], [8.488338953551617, 8.395213749592084, 8.440846296094854], [6.8693715140797185, 6.996395048292753, 6.867657461569854]], "A,湾菜": [[6.905523949348506, 7.027448461491409, 6.903333945066373], [8.522144030025803, 8.425357729298618, 8.476683087027913], [7.604417107527567, 7.633360953534323, 7.566855758811907]], "A,火锅": [[6.905850348453358, 7.027588947304075, 6.903521212862207], [7.6052866242038215, 7.634273885350318, 7.567624203821656], [8.523189087488241, 8.426234713076202, 8.478116180620884]], "A,烧烤": [[7.6052866242038215, 7.634273885350318, 7.567624203821656], [6.905850348453358, 7.027588947304075, 6.903521212862207], [8.523189087488241, 8.426234713076202, 8.478116180620884]], "A,甜点": [[7.549247015059699, 7.585882282354353, 7.516193676126478], [8.488338953551617, 8.395213749592084, 8.440846296094854], [6.8693715140797185, 6.996395048292753, 6.867657461569854]], "A,疆菜": [[8.52161592505855, 8.424496487119441, 8.475901639344261], [6.904822894962619, 7.02731952445153, 6.902451280794215], [7.6033239938869075, 7.632138308711156, 7.5661614875191034]], "A,粤菜": [[7.604417107527567, 7.633360953534323, 7.566855758811907], [6.905523949348506, 7.027448461491409, 6.903333945066373], [8.522144030025805, 8.425357729298618, 8.476683087027913]], "A,素菜": [[8.522144030025805, 8.425357729298618, 8.476683087027913], [6.905523949348505, 7.027448461491409, 6.903333945066373], [7.604417107527567, 7.633360953534323, 7.566855758811907]], "A,美食": [[8.504325239977415, 8.411541501976288, 8.458870694522867], [6.887111168596005, 7.009635905063704, 6.884433809739377], [7.575036936715095, 7.6088340310268405, 7.540020930805221]], "A,蟹宴": [[6.905850348453358, 7.027588947304075, 6.903521212862207], [7.6052866242038215, 7.634273885350318, 7.567624203821656], [8.523189087488241, 8.426234713076202, 8.478116180620884]], "A,西菜": [[7.54906135668446, 7.585773406105679, 7.515869969411623], [8.48825448613377, 8.395160413268083, 8.440696030451331], [6.8691370627467006, 6.9961208656594565, 6.867639853001224]], "A,西餐": [[6.904822894962619, 7.02731952445153, 6.902451280794215], [8.52161592505855, 8.424496487119441, 8.475901639344261], [7.6033239938869075, 7.632138308711156, 7.5661614875191034]], "A,面馆": [[7.549247015059699, 7.585882282354353, 7.516193676126478], [8.488338953551617, 8.395213749592084, 8.440846296094854], [6.8693715140797185, 6.996395048292753, 6.867657461569854]], "A,龙虾": [[6.905850348453358, 7.027588947304075, 6.903521212862207], [8.523189087488241, 8.426234713076202, 8.478116180620884], [7.6052866242038215, 7.634273885350318, 7.567624203821656]], "B,亚菜": [[6.905523949348506, 7.027448461491409, 6.903333945066373], [8.522144030025803, 8.425357729298618, 8.476683087027913], [7.604417107527567, 7.633360953534323, 7.566855758811907]], "B,助餐": [[8.504566003616638, 8.4121835443038, 8.459075497287522], [6.88714036335424, 7.009814443654235, 6.884489558414689], [7.575447774973841, 7.608807779897827, 7.5404136148211975]], "B,北菜": [[6.905850348453358, 7.027588947304075, 6.903521212862207], [8.523189087488241, 8.426234713076202, 8.478116180620884], [7.6052866242038215, 7.634273885350318, 7.567624203821656]], "B,午茶": [[6.904822894962619, 7.02731952445153, 6.902451280794215], [8.52161592505855, 8.424496487119441, 8.475901639344261], [7.6033239938869075, 7.632138308711156, 7.5661614875191034]], "B,南菜": [[6.905523949348505, 7.027448461491409, 6.903333945066373], [7.604417107527567, 7.633360953534323, 7.566855758811907], [8.522144030025803, 8.425357729298618, 8.476683087027913]], "B,啡厅": [[7.549247015059699, 7.585882282354353, 7.516193676126478], [8.488338953551617, 8.395213749592084, 8.440846296094854], [6.8693715140797185, 6.996395048292753, 6.867657461569854]], "B,川菜": [[6.8693715140797185, 6.996395048292753, 6.867657461569854], [8.48916358091919, 8.395567414506646, 8.441254628621214], [7.549412399568293, 7.5862213694687615, 7.516578726466003]], "B,常菜": [[6.90586904689124, 7.027541725255246, 6.903484746591673], [8.523207147895604, 8.426016929226432, 8.477992005643074], [7.605095865978725, 7.634301547869291, 7.567571182877891]], "B,快餐": [[7.552873975716251, 7.589299599258329, 7.5198038160177045], [8.493941060039587, 8.398691444908733, 8.446184297338903], [6.870275950911927, 6.9976879788460264, 6.868547020136957]], "B,料理": [[7.604417107527567, 7.633360953534323, 7.566855758811907], [6.905523949348506, 7.027448461491409, 6.903333945066373], [8.522144030025805, 8.425357729298618, 8.476683087027913]], "B,本菜": [[8.48825448613377, 8.395160413268083, 8.440696030451331], [7.54906135668446, 7.585773406105679, 7.515869969411623], [6.8691370627467006, 6.9961208656594565, 6.867639853001224]], "B,浙菜": [[6.905523949348505, 7.027448461491409, 6.903333945066373], [7.604417107527567, 7.633360953534323, 7.566855758811907], [8.522144030025803, 8.425357729298618, 8.476683087027913]], "B,海鲜": [[6.8693715140797185, 6.996395048292753, 6.867657461569854], [7.549412399568293, 7.5862213694687615, 7.516578726466003], [8.48916358091919, 8.395567414506646, 8.441254628621214]], "B,湘菜": [[6.905523949348505, 7.027448461491409, 6.903333945066373], [8.522144030025805, 8.42535772929862, 8.476683087027913], [7.604417107527567, 7.633360953534323, 7.566855758811907]], "B,湾菜": [[7.6052866242038215, 7.634273885350318, 7.567624203821656], [6.905850348453358, 7.027588947304075, 6.903521212862207], [8.523189087488241, 8.426234713076202, 8.478116180620884]], "B,火锅": [[8.48825448613377, 8.395160413268083, 8.440696030451331], [7.54906135668446, 7.585773406105679, 7.515869969411623], [6.8691370627467006, 6.9961208656594565, 6.867639853001224]], "B,烧烤": [[6.905850348453358, 7.027588947304075, 6.903521212862207], [8.523189087488241, 8.426234713076202, 8.478116180620884], [7.6052866242038215, 7.634273885350318, 7.567624203821656]], "B,甜点": [[8.503232710069836, 8.410633025456187, 8.457445370578958], [7.573972518331382, 7.608293795058229, 7.53929385667632], [6.887117437722421, 7.009220317049502, 6.884309285021028]], "B,疆菜": [[8.50354042169354, 8.411196301725113, 8.457943398353816], [6.887117437722421, 7.009220317049502, 6.884309285021028], [7.5743194974750585, 7.608430841236605, 7.539530730385516]], "B,粤菜": [[7.57575216883037, 7.608804528394757, 7.540583276933489], [8.50463695996381, 8.412734675412805, 8.4593870165121], [6.88714036335424, 7.009814443654235, 6.884489558414689]], "B,素菜": [[6.88714036335424, 7.009814443654235, 6.884489558414689], [7.575447774973841, 7.608807779897827, 7.5404136148211975], [8.504566003616638, 8.4121835443038, 8.459075497287522]], "B,美食": [[7.549247015059699, 7.585882282354353, 7.516193676126478], [8.488338953551617, 8.395213749592084, 8.440846296094854], [6.8693715140797185, 6.996395048292753, 6.867657461569854]], "B,蟹宴": [[7.550002995267477, 7.586683040795543, 7.517132929970646], [8.490244434744653, 8.396224356176345, 8.44213225665648], [6.869316558993541, 6.996572594355665, 6.867745664739884]], "B,西菜": [[6.905523949348505, 7.027448461491409, 6.903333945066373], [7.604391332058636, 7.633422562141491, 7.566908859145953], [8.522299120234605, 8.425337243401762, 8.476692082111436]], "B,西餐": [[8.48825448613377, 8.395160413268083, 8.440696030451331], [7.54906135668446, 7.585773406105679, 7.515869969411623], [6.8691370627467006, 6.9961208656594565, 6.867639853001224]], "B,龙虾": [[7.549412399568293, 7.5862213694687615, 7.516578726466003], [8.48916358091919, 8.395567414506646, 8.441254628621214], [6.8693715140797185, 6.996395048292753, 6.867657461569854]], "C,亚菜": [[8.503232710069836, 8.410633025456187, 8.457445370578958], [6.887117437722422, 7.009220317049502, 6.884309285021028], [7.573972518331382, 7.608293795058229, 7.53929385667632]], "C,助餐": [[6.8693715140797185, 6.996395048292753, 6.867657461569854], [8.488338953551617, 8.395213749592084, 8.440846296094854], [7.549247015059699, 7.585882282354353, 7.516193676126478]], "C,北菜": [[8.488338953551617, 8.395213749592084, 8.440846296094854], [6.8693715140797185, 6.996395048292753, 6.867657461569854], [7.549247015059699, 7.585882282354353, 7.516193676126478]], "C,南菜": [[8.489151508550268, 8.395675852303674, 8.44131358239843], [6.869332789226689, 6.996470108141199, 6.867693667958919], [7.549550305792061, 7.586179398009353, 7.516608706079865]], "C,啡厅": [[7.6033239938869075, 7.632138308711156, 7.5661614875191034], [6.904822894962619, 7.02731952445153, 6.902451280794215], [8.52161592505855, 8.424496487119441, 8.475901639344261]], "C,川菜": [[7.54906135668446, 7.585773406105679, 7.515869969411623], [8.48825448613377, 8.395160413268083, 8.440696030451331], [6.8691370627467006, 6.9961208656594565, 6.867639853001224]], "C,州菜": [[7.605204484647726, 7.6341444770034395, 7.567518155179004], [6.90583236534817, 7.02759063397934, 6.9034786330011615], [8.522969319384037, 8.426119666157286, 8.477994592688372]], "C,常菜": [[8.522144030025803, 8.425357729298618, 8.476683087027913], [7.604417107527567, 7.633360953534323, 7.566855758811907], [6.905523949348506, 7.027448461491409, 6.903333945066373]], "C,快餐": [[6.905523949348505, 7.027448461491409, 6.903333945066373], [7.604417107527567, 7.633360953534323, 7.566855758811907], [8.522144030025805, 8.42535772929862, 8.476683087027913]], "C,料理": [[7.599425722579831, 7.6271614287517355, 7.561289915436072], [8.51982969788872, 8.422395894086087, 8.474687973871456], [6.900148671250698, 7.025144025274116, 6.898823019265316]], "C,本菜": [[7.604417107527567, 7.633360953534323, 7.566855758811907], [6.905523949348505, 7.027448461491409, 6.903333945066373], [8.522144030025803, 8.425357729298618, 8.476683087027913]], "C,浙菜": [[7.575447774973841, 7.608807779897827, 7.5404136148211975], [6.88714036335424, 7.009814443654235, 6.884489558414689], [8.504566003616638, 8.4121835443038, 8.459075497287522]], "C,海鲜": [[8.52161592505855, 8.424496487119441, 8.475901639344261], [6.904822894962619, 7.02731952445153, 6.902451280794215], [7.6033239938869075, 7.632138308711156, 7.5661614875191034]], "C,湘菜": [[6.887117437722421, 7.009220317049502, 6.884309285021028], [8.503232710069836, 8.410633025456187, 8.457445370578958], [7.573972518331382, 7.608293795058229, 7.53929385667632]], "C,湾菜": [[6.904822894962619, 7.02731952445153, 6.902451280794215], [7.6033239938869075, 7.632138308711156, 7.5661614875191034], [8.52161592505855, 8.424496487119441, 8.475901639344261]], "C,火锅": [[7.54906135668446, 7.585773406105679, 7.515869969411623], [8.48825448613377, 8.395160413268083, 8.440696030451331], [6.8691370627467006, 6.9961208656594565, 6.867639853001224]], "C,烧烤": [[7.549247015059699, 7.585882282354353, 7.516193676126478], [8.488338953551617, 8.395213749592084, 8.440846296094854], [6.8693715140797185, 6.996395048292753, 6.867657461569854]], "C,甜点": [[8.490244434744653, 8.396224356176345, 8.44213225665648], [7.550002995267477, 7.586683040795543, 7.517132929970646], [6.869316558993541, 6.996572594355665, 6.867745664739884]], "C,疆菜": [[6.905850348453358, 7.027588947304075, 6.903521212862207], [8.523285899094438, 8.426214277313893, 8.478184170292836], [7.605292656518693, 7.634335392650149, 7.567645372906185]], "C,粤菜": [[7.550002995267477, 7.586683040795543, 7.517132929970646], [8.490244434744653, 8.396224356176345, 8.44213225665648], [6.869316558993541, 6.996572594355665, 6.867745664739884]], "C,素菜": [[8.52161592505855, 8.424496487119441, 8.475901639344261], [6.904822894962619, 7.02731952445153, 6.902451280794215], [7.6033239938869075, 7.632138308711156, 7.5661614875191034]], "C,美食": [[8.488338953551617, 8.395213749592084, 8.440846296094854], [7.549247015059699, 7.585882282354353, 7.516193676126478], [6.8693715140797185, 6.996395048292753, 6.867657461569854]], "C,蟹宴": [[7.6033239938869075, 7.632138308711156, 7.5661614875191034], [6.904822894962619, 7.02731952445153, 6.902451280794215], [8.52161592505855, 8.424496487119441, 8.475901639344261]], "C,西菜": [[6.8693715140797185, 6.996395048292753, 6.867657461569854], [7.549412399568293, 7.5862213694687615, 7.516578726466003], [8.48916358091919, 8.395567414506646, 8.441254628621214]], "C,西餐": [[6.8693715140797185, 6.996395048292753, 6.867657461569854], [8.488338953551615, 8.395213749592084, 8.440846296094854], [7.549247015059699, 7.585882282354353, 7.516193676126478]], "C,面馆": [[8.48825448613377, 8.395160413268083, 8.440696030451331], [7.54906135668446, 7.585773406105679, 7.515869969411623], [6.8691370627467006, 6.9961208656594565, 6.867639853001224]], "C,龙虾": [[7.6052866242038215, 7.634273885350318, 7.567624203821656], [6.905850348453358, 7.027588947304075, 6.903521212862207], [8.523189087488241, 8.426234713076202, 8.478116180620884]], "D,亚菜": [[8.48825448613377, 8.395160413268083, 8.440696030451331], [6.8691370627467006, 6.9961208656594565, 6.867639853001224], [7.54906135668446, 7.585773406105679, 7.515869969411623]], "D,助餐": [[6.8691370627467006, 6.9961208656594565, 6.867639853001224], [8.48825448613377, 8.395160413268083, 8.440696030451331], [7.54906135668446, 7.585773406105679, 7.515869969411623]], "D,北菜": [[7.605292656518693, 7.634335392650149, 7.567645372906185], [8.523285899094438, 8.426214277313893, 8.478184170292836], [6.905850348453358, 7.027588947304075, 6.903521212862207]], "D,南菜": [[6.8691370627467006, 6.9961208656594565, 6.867639853001224], [8.48825448613377, 8.395160413268083, 8.440696030451331], [7.54906135668446, 7.585773406105679, 7.515869969411623]], "D,啡厅": [[6.904822894962619, 7.02731952445153, 6.902451280794215], [7.6033239938869075, 7.632138308711156, 7.5661614875191034], [8.521615925058548, 8.424496487119441, 8.475901639344261]], "D,川菜": [[6.8691370627467006, 6.9961208656594565, 6.867639853001224], [8.48825448613377, 8.395160413268083, 8.440696030451331], [7.54906135668446, 7.585773406105679, 7.515869969411623]], "D,州菜": [[7.604417107527567, 7.633360953534323, 7.566855758811907], [6.905523949348505, 7.027448461491409, 6.903333945066373], [8.522144030025803, 8.425357729298618, 8.476683087027913]], "D,常菜": [[6.905523949348506, 7.027448461491409, 6.903333945066373], [7.604417107527567, 7.633360953534323, 7.566855758811907], [8.522144030025803, 8.425357729298618, 8.476683087027913]], "D,快餐": [[7.6052866242038215, 7.634273885350318, 7.567624203821656], [6.905850348453358, 7.027588947304075, 6.903521212862207], [8.523189087488241, 8.426234713076202, 8.478116180620884]], "D,料理": [[6.905523949348505, 7.027448461491409, 6.903333945066373], [8.522144030025803, 8.425357729298618, 8.476683087027913], [7.604417107527567, 7.633360953534323, 7.566855758811907]], "D,本菜": [[8.522299120234605, 8.425337243401762, 8.476692082111436], [7.604391332058636, 7.633422562141491, 7.566908859145953], [6.905523949348506, 7.027448461491409, 6.903333945066373]], "D,浙菜": [[7.549247015059699, 7.585882282354353, 7.516193676126478], [8.488338953551617, 8.395213749592084, 8.440846296094854], [6.8693715140797185, 6.996395048292753, 6.867657461569854]], "D,海鲜": [[8.488338953551617, 8.395213749592084, 8.440846296094854], [7.549247015059699, 7.585882282354353, 7.516193676126478], [6.8693715140797185, 6.996395048292753, 6.867657461569854]], "D,湘菜": [[7.549550305792061, 7.586179398009353, 7.516608706079865], [8.489151508550268, 8.395675852303674, 8.44131358239843], [6.869332789226689, 6.996470108141199, 6.867693667958919]], "D,湾菜": [[6.904822894962619, 7.02731952445153, 6.902451280794215], [7.6033239938869075, 7.632138308711156, 7.5661614875191034], [8.52161592505855, 8.424496487119441, 8.475901639344261]], "D,火锅": [[6.905850348453358, 7.027588947304075, 6.903521212862207], [8.523189087488241, 8.426234713076202, 8.478116180620884], [7.6052866242038215, 7.634273885350318, 7.567624203821656]], "D,烧烤": [[8.488338953551617, 8.395213749592084, 8.440846296094854], [6.8693715140797185, 6.996395048292753, 6.867657461569854], [7.549247015059699, 7.585882282354353, 7.516193676126478]], "D,甜点": [[6.905850348453358, 7.027588947304075, 6.903521212862207], [8.523189087488241, 8.426234713076202, 8.478116180620884], [7.6052866242038215, 7.634273885350318, 7.567624203821656]], "D,疆菜": [[8.523189087488241, 8.426234713076202, 8.478116180620882], [6.905850348453358, 7.027588947304075, 6.903521212862207], [7.6052866242038215, 7.634273885350318, 7.567624203821656]], "D,粤菜": [[6.905523949348506, 7.027448461491409, 6.903333945066373], [8.522144030025803, 8.425357729298618, 8.476683087027913], [7.604417107527567, 7.633360953534323, 7.566855758811907]], "D,素菜": [[8.502971299943727, 8.410151941474398, 8.457118739448507], [7.573632331197635, 7.607910300640709, 7.538843026121242], [6.886759469083847, 7.009148591777278, 6.884130786662349]], "D,美食": [[6.88714036335424, 7.009814443654235, 6.884489558414689], [7.575358571868267, 7.608808864265928, 7.540344721452755], [8.5045197740113, 8.412000000000003, 8.458994350282484]], "D,蟹宴": [[6.904822894962619, 7.02731952445153, 6.902451280794215], [7.6033239938869075, 7.632138308711156, 7.5661614875191034], [8.52161592505855, 8.424496487119441, 8.475901639344261]], "D,西菜": [[6.905850348453358, 7.027588947304075, 6.903521212862207], [8.523189087488241, 8.426234713076202, 8.478116180620884], [7.6052866242038215, 7.634273885350318, 7.567624203821656]], "D,西餐": [[6.8691370627467006, 6.9961208656594565, 6.867639853001224], [8.48825448613377, 8.395160413268083, 8.440696030451331], [7.54906135668446, 7.585773406105679, 7.515869969411623]], "D,面馆": [[8.522749706227968, 8.426098707403058, 8.477790834312572], [6.905851063829789, 7.027543409146494, 6.9034421618977735], [7.6050840978593275, 7.634015035677879, 7.5674503058103975]], "D,龙虾": [[6.905523949348505, 7.027448461491409, 6.903333945066373], [8.522144030025803, 8.425357729298618, 8.476683087027913], [7.604417107527567, 7.633360953534323, 7.566855758811907]], "E,亚菜": [[7.604417107527567, 7.633360953534323, 7.566855758811907], [6.905523949348505, 7.027448461491409, 6.903333945066373], [8.522144030025803, 8.425357729298618, 8.476683087027913]], "E,助餐": [[8.52259920169054, 8.425686780934495, 8.477119042028644], [6.90586904689124, 7.027541725255246, 6.903484746591673], [7.604723656530886, 7.633875183272774, 7.567348760119844]], "E,北菜": [[6.886770705173866, 7.009059120637185, 6.884076928058019], [7.573096603168732, 7.607847851550459, 7.538302200850749], [8.502416273319849, 8.409114407732078, 8.456709372892783]], "E,南菜": [[7.552873975716251, 7.589299599258329, 7.5198038160177045], [8.493941060039587, 8.398691444908733, 8.446184297338903], [6.870275950911927, 6.9976879788460264, 6.868547020136957]], "E,啡厅": [[7.54906135668446, 7.585773406105679, 7.515869969411623], [8.48825448613377, 8.395160413268083, 8.440696030451331], [6.8691370627467006, 6.9961208656594565, 6.867639853001224]], "E,川菜": [[7.54906135668446, 7.585773406105679, 7.515869969411623], [8.48825448613377, 8.395160413268083, 8.440696030451331], [6.8691370627467006, 6.9961208656594565, 6.867639853001224]], "E,州菜": [[8.523285899094438, 8.426214277313893, 8.478184170292836], [6.906507539222271, 7.0277394542457765, 6.904071790488981], [7.605632095930603, 7.635068248501084, 7.568044393417527]], "E,常菜": [[6.905523949348506, 7.027448461491409, 6.903333945066373], [7.604417107527567, 7.633360953534323, 7.566855758811907], [8.522144030025803, 8.42535772929862, 8.476683087027913]], "E,快餐": [[7.573185322232501, 7.607986432315757, 7.538439716312057], [8.502416273319849, 8.409114407732078, 8.456709372892783], [6.88694413877921, 7.009146223056512, 6.884186678749433]], "E,料理": [[6.905850348453358, 7.027588947304076, 6.903521212862207], [7.6052866242038215, 7.634273885350318, 7.567624203821656], [8.523189087488241, 8.426234713076202, 8.478116180620884]], "E,本菜": [[6.904822894962619, 7.02731952445153, 6.902451280794215], [8.52161592505855, 8.424496487119441, 8.475901639344261], [7.6033239938869075, 7.632138308711156, 7.5661614875191034]], "E,浙菜": [[7.549550305792061, 7.586179398009353, 7.516608706079865], [8.489151508550268, 8.395675852303674, 8.441313582398429], [6.869332789226689, 6.996470108141199, 6.867693667958919]], "E,海鲜": [[8.523189087488241, 8.426234713076202, 8.478116180620882], [6.905850348453358, 7.027588947304075, 6.903521212862207], [7.6052866242038215, 7.634273885350318, 7.567624203821656]], "E,湘菜": [[7.604417107527567, 7.633360953534323, 7.566855758811907], [6.905523949348506, 7.027448461491409, 6.903333945066373], [8.522144030025803, 8.425357729298618, 8.476683087027913]], "E,湾菜": [[7.6033239938869075, 7.632138308711156, 7.5661614875191034], [6.904822894962619, 7.02731952445153, 6.902451280794215], [8.52161592505855, 8.424496487119441, 8.475901639344261]], "E,火锅": [[6.887117437722421, 7.009220317049502, 6.884309285021028], [8.503232710069836, 8.410633025456187, 8.457445370578958], [7.573972518331382, 7.608293795058229, 7.53929385667632]], "E,烧烤": [[6.88714036335424, 7.009814443654235, 6.884489558414689], [8.50463695996381, 8.412734675412805, 8.4593870165121], [7.57575216883037, 7.608804528394757, 7.540583276933489]], "E,甜点": [[7.6052866242038215, 7.634273885350318, 7.567624203821656], [6.905850348453358, 7.027588947304075, 6.903521212862207], [8.523189087488241, 8.426234713076202, 8.478116180620884]], "E,疆菜": [[6.905850348453358, 7.027588947304075, 6.903521212862207], [7.6052866242038215, 7.634273885350318, 7.567624203821656], [8.523189087488241, 8.426234713076202, 8.478116180620884]], "E,粤菜": [[7.550002995267477, 7.586683040795543, 7.517132929970646], [8.490244434744653, 8.396224356176345, 8.44213225665648], [6.869316558993541, 6.996572594355665, 6.867745664739884]], "E,素菜": [[8.48916358091919, 8.395567414506646, 8.441254628621214], [7.549412399568293, 7.5862213694687615, 7.516578726466003], [6.8693715140797185, 6.996395048292753, 6.867657461569854]], "E,美食": [[6.905851063829789, 7.027543409146494, 6.903442161897774], [8.522299120234605, 8.425337243401762, 8.476692082111436], [7.604451246731713, 7.633671321982016, 7.567176838211849]], "E,蟹宴": [[6.904822894962619, 7.02731952445153, 6.902451280794215], [7.6033239938869075, 7.632138308711156, 7.5661614875191034], [8.52161592505855, 8.424496487119441, 8.475901639344261]], "E,西菜": [[6.905851063829789, 7.027543409146494, 6.903442161897774], [8.52259920169054, 8.425686780934495, 8.477119042028644], [7.604697858235594, 7.633834778174401, 7.567350841407445]], "E,西餐": [[7.604417107527567, 7.633360953534323, 7.566855758811907], [6.905523949348505, 7.027448461491409, 6.903333945066373], [8.522144030025805, 8.425357729298618, 8.476683087027913]], "E,面馆": [[8.522144030025803, 8.425357729298618, 8.476683087027913], [6.905523949348506, 7.027448461491409, 6.903333945066373], [7.604417107527567, 7.633360953534323, 7.566855758811907]], "E,龙虾": [[7.547765480107688, 7.585133113969488, 7.514866886030512], [8.4879552125231, 8.395042939449944, 8.440537014892922], [6.868412069907156, 6.994852539595852, 6.866596122337519]], "F,亚菜": [[8.522144030025805, 8.425357729298618, 8.476683087027913], [6.905523949348506, 7.027448461491409, 6.903333945066373], [7.604417107527567, 7.633360953534323, 7.566855758811907]], "F,助餐": [[6.905523949348505, 7.027448461491409, 6.903333945066373], [7.604417107527567, 7.633360953534323, 7.566855758811907], [8.522144030025805, 8.425357729298618, 8.476683087027913]], "F,北菜": [[7.54906135668446, 7.585773406105679, 7.515869969411623], [8.48825448613377, 8.395160413268083, 8.440696030451331], [6.8691370627467006, 6.9961208656594565, 6.867639853001224]], "F,南菜": [[8.48825448613377, 8.395160413268083, 8.440696030451331], [6.8691370627467006, 6.9961208656594565, 6.867639853001224], [7.54906135668446, 7.585773406105679, 7.515869969411623]], "F,啡厅": [[7.6052866242038215, 7.634273885350318, 7.567624203821656], [6.905850348453358, 7.027588947304075, 6.903521212862207], [8.523189087488241, 8.426234713076202, 8.478116180620884]], "F,川菜": [[8.489151508550268, 8.395675852303674, 8.441313582398429], [6.869332789226689, 6.996470108141199, 6.867693667958919], [7.549550305792061, 7.586179398009353, 7.516608706079865]], "F,常菜": [[7.549247015059699, 7.585882282354353, 7.516193676126478], [8.488338953551615, 8.395213749592084, 8.440846296094854], [6.8693715140797185, 6.996395048292753, 6.867657461569854]], "F,快餐": [[8.52161592505855, 8.424496487119441, 8.475901639344261], [6.904822894962619, 7.02731952445153, 6.902451280794215], [7.6033239938869075, 7.632138308711156, 7.5661614875191034]], "F,料理": [[6.905850348453358, 7.027588947304075, 6.903521212862207], [7.6052866242038215, 7.634273885350318, 7.567624203821656], [8.523189087488241, 8.426234713076202, 8.478116180620884]], "F,本菜": [[6.904822894962619, 7.02731952445153, 6.902451280794215], [7.6033239938869075, 7.632138308711156, 7.5661614875191034], [8.52161592505855, 8.424496487119441, 8.475901639344261]], "F,浙菜": [[7.6053439490445855, 7.634318471337579, 7.567668789808917], [6.905843877987653, 7.027642276422768, 6.903539336145241], [8.523285899094438, 8.426214277313893, 8.478184170292836]], "F,海鲜": [[8.52161592505855, 8.424496487119441, 8.475901639344261], [6.904822894962619, 7.02731952445153, 6.902451280794215], [7.6033239938869075, 7.632138308711156, 7.5661614875191034]], "F,湘菜": [[8.490244434744653, 8.396224356176345, 8.44213225665648], [6.869316558993541, 6.996572594355665, 6.867745664739884], [7.550002995267477, 7.586683040795543, 7.517132929970646]], "F,湾菜": [[6.8693715140797185, 6.996395048292753, 6.867657461569854], [8.488338953551617, 8.395213749592084, 8.440846296094854], [7.549247015059699, 7.585882282354353, 7.516193676126478]], "F,火锅": [[7.550002995267477, 7.586683040795543, 7.517132929970646], [8.490244434744653, 8.396224356176345, 8.44213225665648], [6.869316558993541, 6.996572594355665, 6.867745664739884]], "F,烧烤": [[8.488338953551617, 8.395213749592084, 8.440846296094854], [7.549247015059699, 7.585882282354353, 7.516193676126478], [6.8693715140797185, 6.996395048292753, 6.867657461569854]], "F,甜点": [[7.598449710108394, 7.626342324174439, 7.56085202924124], [6.8996214706794925, 7.024765746199197, 6.898026683214396], [8.519699265648677, 8.422100477911181, 8.47419279636321]], "F,疆菜": [[7.6052866242038215, 7.634273885350318, 7.567624203821656], [6.905850348453358, 7.027588947304075, 6.903521212862207], [8.523189087488241, 8.426234713076202, 8.478116180620884]], "F,粤菜": [[8.523189087488241, 8.426234713076202, 8.478116180620884], [6.905850348453358, 7.027588947304075, 6.903521212862207], [7.6052866242038215, 7.634273885350318, 7.567624203821656]], "F,素菜": [[6.8693715140797185, 6.996395048292753, 6.867657461569854], [8.488338953551617, 8.395213749592084, 8.440846296094854], [7.549247015059699, 7.585882282354353, 7.516193676126478]], "F,美食": [[6.905523949348505, 7.027448461491409, 6.903333945066373], [8.522144030025805, 8.42535772929862, 8.476683087027913], [7.604417107527567, 7.633360953534323, 7.566855758811907]], "F,蟹宴": [[8.5045197740113, 8.412000000000003, 8.458994350282484], [7.575216936426857, 7.608831312696165, 7.540236322235215], [6.887111168596005, 7.009635905063704, 6.884433809739377]], "F,西菜": [[6.8691370627467006, 6.9961208656594565, 6.867639853001224], [8.48825448613377, 8.395160413268083, 8.440696030451331], [7.54906135668446, 7.585773406105679, 7.515869969411623]], "F,西餐": [[7.605632095930603, 7.635068248501084, 7.568044393417527], [6.906507539222271, 7.0277394542457765, 6.904071790488981], [8.523285899094438, 8.426214277313893, 8.478184170292836]], "F,面馆": [[6.8693715140797185, 6.996395048292753, 6.867657461569854], [8.488338953551617, 8.395213749592084, 8.440846296094854], [7.549247015059699, 7.585882282354353, 7.516193676126478]], "F,龙虾": [[7.604417107527567, 7.633360953534323, 7.566855758811907], [6.905523949348506, 7.027448461491409, 6.903333945066373], [8.522144030025805, 8.425357729298618, 8.476683087027913]], "G,亚菜": [[6.904822894962619, 7.02731952445153, 6.902451280794215], [8.52161592505855, 8.424496487119441, 8.475901639344261], [7.6033239938869075, 7.632138308711156, 7.5661614875191034]], "G,助餐": [[7.604417107527567, 7.633360953534323, 7.566855758811907], [6.905523949348506, 7.027448461491409, 6.903333945066373], [8.522144030025803, 8.42535772929862, 8.476683087027913]], "G,北菜": [[6.905523949348505, 7.027448461491409, 6.903333945066373], [7.604417107527567, 7.633360953534323, 7.566855758811907], [8.522144030025805, 8.425357729298618, 8.476683087027913]], "G,南菜": [[7.6052866242038215, 7.634273885350318, 7.567624203821656], [6.905850348453358, 7.027588947304075, 6.903521212862207], [8.523189087488241, 8.426234713076202, 8.478116180620884]], "G,啡厅": [[8.523285899094438, 8.426214277313893, 8.478184170292836], [6.905843877987653, 7.027642276422768, 6.903539336145241], [7.6053439490445855, 7.634318471337579, 7.567668789808917]], "G,川菜": [[6.905850348453358, 7.027588947304075, 6.903521212862207], [8.523189087488241, 8.426234713076202, 8.478116180620884], [7.6052866242038215, 7.634273885350318, 7.567624203821656]], "G,州菜": [[7.549247015059699, 7.585882282354353, 7.516193676126478], [8.488338953551617, 8.395213749592084, 8.440846296094854], [6.8693715140797185, 6.996395048292753, 6.867657461569854]], "G,常菜": [[6.905850348453358, 7.027588947304075, 6.903521212862207], [8.523189087488241, 8.426234713076202, 8.478116180620884], [7.6052866242038215, 7.634273885350318, 7.567624203821656]], "G,快餐": [[7.54906135668446, 7.585773406105679, 7.515869969411623], [6.8691370627467006, 6.9961208656594565, 6.867639853001224], [8.48825448613377, 8.395160413268083, 8.440696030451331]], "G,料理": [[8.490244434744653, 8.396224356176345, 8.44213225665648], [6.869316558993541, 6.996572594355665, 6.867745664739884], [7.550002995267477, 7.586683040795543, 7.517132929970646]], "G,本菜": [[7.6052866242038215, 7.634273885350318, 7.567624203821656], [6.905850348453358, 7.027588947304075, 6.903521212862207], [8.523189087488241, 8.426234713076202, 8.478116180620884]], "G,浙菜": [[8.52161592505855, 8.424496487119441, 8.475901639344261], [6.904822894962619, 7.02731952445153, 6.902451280794215], [7.6033239938869075, 7.632138308711156, 7.5661614875191034]], "G,海鲜": [[7.573983238846438, 7.608245008627064, 7.5392469805274835], [8.503108458159703, 8.410631827908551, 8.457427638247548], [6.887117437722421, 7.009220317049502, 6.884309285021028]], "G,湘菜": [[8.52161592505855, 8.424496487119441, 8.475901639344261], [6.904822894962619, 7.02731952445153, 6.902451280794215], [7.6033239938869075, 7.632138308711156, 7.5661614875191034]], "G,湾菜": [[7.550002995267477, 7.586683040795543, 7.517132929970646], [8.490244434744653, 8.396224356176345, 8.44213225665648], [6.869316558993541, 6.996572594355665, 6.867745664739884]], "G,火锅": [[7.604417107527567, 7.633360953534323, 7.566855758811907], [6.905523949348506, 7.027448461491409, 6.903333945066373], [8.522144030025805, 8.425357729298618, 8.476683087027913]], "G,烧烤": [[6.905850348453358, 7.027588947304075, 6.903521212862207], [8.523189087488241, 8.426234713076202, 8.478116180620884], [7.6052866242038215, 7.634273885350318, 7.567624203821656]], "G,甜点": [[7.6052866242038215, 7.634273885350318, 7.567624203821656], [6.905850348453358, 7.027588947304075, 6.903521212862207], [8.523189087488241, 8.426234713076202, 8.478116180620884]], "G,疆菜": [[6.905523949348506, 7.027448461491409, 6.903333945066373], [7.604417107527567, 7.633360953534323, 7.566855758811907], [8.522144030025803, 8.425357729298618, 8.476683087027913]], "G,粤菜": [[8.523189087488241, 8.426234713076202, 8.478116180620884], [6.905850348453358, 7.027588947304075, 6.903521212862207], [7.6052866242038215, 7.634273885350318, 7.567624203821656]], "G,素菜": [[7.549247015059699, 7.585882282354353, 7.516193676126478], [8.488338953551617, 8.395213749592084, 8.440846296094854], [6.8693715140797185, 6.996395048292753, 6.867657461569854]], "G,美食": [[7.6052866242038215, 7.634273885350318, 7.567624203821656], [6.905850348453358, 7.027588947304075, 6.903521212862207], [8.523189087488241, 8.426234713076202, 8.478116180620884]], "G,蟹宴": [[6.8693715140797185, 6.996395048292753, 6.867657461569854], [8.488338953551617, 8.395213749592084, 8.440846296094854], [7.549247015059699, 7.585882282354353, 7.516193676126478]], "G,西菜": [[7.6052866242038215, 7.634273885350318, 7.567624203821656], [6.905850348453358, 7.027588947304075, 6.903521212862207], [8.523189087488241, 8.426234713076202, 8.478116180620884]], "G,西餐": [[7.549550305792061, 7.586179398009353, 7.516608706079865], [8.489151508550268, 8.395675852303674, 8.441313582398429], [6.869332789226689, 6.996470108141199, 6.867693667958919]], "G,面馆": [[7.573714708420663, 7.608211071384539, 7.53907656269264], [6.887117437722421, 7.009220317049502, 6.884309285021028], [8.502971299943727, 8.410151941474398, 8.457118739448507]], "G,龙虾": [[7.6033239938869075, 7.632138308711156, 7.5661614875191034], [6.904822894962619, 7.02731952445153, 6.902451280794215], [8.521615925058548, 8.424496487119441, 8.475901639344261]], "H,亚菜": [[8.523285899094438, 8.426214277313893, 8.478184170292836], [7.605292656518693, 7.634335392650149, 7.567645372906185], [6.905850348453358, 7.027588947304075, 6.903521212862207]], "H,助餐": [[6.904822894962619, 7.02731952445153, 6.902451280794215], [8.52161592505855, 8.424496487119441, 8.475901639344261], [7.6033239938869075, 7.632138308711156, 7.5661614875191034]], "H,北菜": [[7.54906135668446, 7.585773406105679, 7.515869969411623], [8.48825448613377, 8.395160413268083, 8.440696030451331], [6.8691370627467006, 6.9961208656594565, 6.867639853001224]], "H,南菜": [[8.52161592505855, 8.424496487119441, 8.475901639344261], [6.904822894962619, 7.02731952445153, 6.902451280794215], [7.6033239938869075, 7.632138308711156, 7.5661614875191034]], "H,啡厅": [[6.905523949348506, 7.027448461491409, 6.903333945066373], [8.522144030025805, 8.425357729298618, 8.476683087027913], [7.604417107527567, 7.633360953534323, 7.566855758811907]], "H,川菜": [[7.57591851806265, 7.608806695796664, 7.54064250107699], [8.50463695996381, 8.412734675412805, 8.4593870165121], [6.88714368819081, 7.009967035097929, 6.884596987912868]], "H,州菜": [[7.6033239938869075, 7.632138308711156, 7.5661614875191034], [6.904822894962619, 7.02731952445153, 6.902451280794215], [8.52161592505855, 8.424496487119441, 8.475901639344261]], "H,常菜": [[7.549412399568293, 7.5862213694687615, 7.516578726466003], [8.48916358091919, 8.395567414506646, 8.441254628621214], [6.8693715140797185, 6.996395048292753, 6.867657461569854]], "H,快餐": [[6.905850348453358, 7.027588947304075, 6.903521212862207], [8.523189087488241, 8.426234713076202, 8.478116180620884], [7.6052866242038215, 7.634273885350318, 7.567624203821656]], "H,料理": [[7.549247015059699, 7.585882282354353, 7.516193676126478], [8.488338953551617, 8.395213749592084, 8.440846296094854], [6.8693715140797185, 6.996395048292753, 6.867657461569854]], "H,本菜": [[6.869332789226689, 6.996470108141199, 6.867693667958919], [8.489151508550268, 8.395675852303674, 8.441313582398429], [7.549550305792061, 7.586179398009353, 7.516608706079865]], "H,浙菜": [[6.869332789226689, 6.996470108141199, 6.867693667958919], [8.489151508550268, 8.395675852303674, 8.441313582398429], [7.549550305792061, 7.586179398009353, 7.516608706079865]], "H,海鲜": [[8.5045197740113, 8.412000000000003, 8.458994350282484], [6.88714036335424, 7.009814443654235, 6.884489558414689], [7.575358571868267, 7.608808864265928, 7.540344721452755]], "H,湘菜": [[6.869316558993541, 6.996572594355665, 6.867745664739884], [8.490244434744653, 8.396224356176345, 8.44213225665648], [7.550002995267477, 7.586683040795543, 7.517132929970646]], "H,湾菜": [[7.604417107527567, 7.633360953534323, 7.566855758811907], [6.905523949348505, 7.027448461491409, 6.903333945066373], [8.522144030025805, 8.425357729298618, 8.476683087027913]], "H,火锅": [[8.489151508550268, 8.395675852303674, 8.44131358239843], [7.549550305792061, 7.586179398009353, 7.516608706079865], [6.869332789226689, 6.996470108141199, 6.867693667958919]], "H,烧烤": [[6.904822894962619, 7.02731952445153, 6.902451280794215], [8.52161592505855, 8.424496487119441, 8.475901639344261], [7.6033239938869075, 7.632138308711156, 7.5661614875191034]], "H,甜点": [[7.6033239938869075, 7.632138308711156, 7.5661614875191034], [6.904822894962619, 7.02731952445153, 6.902451280794215], [8.52161592505855, 8.424496487119441, 8.475901639344261]], "H,疆菜": [[7.549550305792061, 7.586179398009353, 7.516608706079865], [8.489151508550268, 8.395675852303674, 8.441313582398429], [6.869332789226689, 6.996470108141199, 6.867693667958919]], "H,粤菜": [[7.573954290642519, 7.6081192632292245, 7.539234891886897], [8.503232710069836, 8.410633025456187, 8.457445370578958], [6.8869587728949595, 7.009248592324125, 6.884201669794835]], "H,素菜": [[8.52161592505855, 8.424496487119441, 8.475901639344261], [6.904822894962619, 7.02731952445153, 6.902451280794215], [7.6033239938869075, 7.632138308711156, 7.5661614875191034]], "H,美食": [[6.88714036335424, 7.009814443654235, 6.884489558414689], [8.503870894932852, 8.411522401534818, 8.458480984087574], [7.575083158802514, 7.608525317235432, 7.540002463964519]], "H,蟹宴": [[7.549247015059699, 7.585882282354353, 7.516193676126478], [8.488338953551617, 8.395213749592084, 8.440846296094854], [6.8693715140797185, 6.996395048292753, 6.867657461569854]], "H,西菜": [[7.549247015059699, 7.585882282354353, 7.516193676126478], [8.488338953551617, 8.395213749592084, 8.440846296094854], [6.8693715140797185, 6.996395048292753, 6.867657461569854]], "H,西餐": [[8.490244434744653, 8.396224356176345, 8.44213225665648], [6.869316558993541, 6.996572594355665, 6.867745664739884], [7.550002995267477, 7.586683040795543, 7.517132929970646]], "H,面馆": [[8.492367584164931, 8.397620353108897, 8.445158460357494], [6.870275950911927, 6.9976879788460264, 6.868547020136957], [7.552324188331137, 7.588672576973763, 7.518976877920211]], "H,龙虾": [[6.8691370627467006, 6.9961208656594565, 6.867639853001224], [7.54906135668446, 7.585773406105679, 7.515869969411623], [8.48825448613377, 8.39