{"A,亚菜": [[6.905850348453356, 7.027588947304071, 6.903521212862208], [8.523189087488241, 8.426234713076198, 8.478116180620885], [7.6052866242038215, 7.634273885350319, 7.567624203821656]], "A,助餐": [[7.604417107527567, 7.633360953534323, 7.566855758811906], [6.905523949348504, 7.027448461491405, 6.9033339450663735], [8.522144030025803, 8.425357729298616, 8.476683087027915]], "A,北菜": [[7.550002995267477, 7.586683040795543, 7.517132929970646], [8.490244434744653, 8.396224356176342, 8.442132256656482], [6.869316558993539, 6.996572594355661, 6.867745664739885]], "A,南菜": [[8.51982969788872, 8.422395894086083, 8.474687973871458], [6.9001486712506965, 7.025144025274112, 6.898823019265317], [7.599425722579831, 7.6271614287517355, 7.561289915436072]], "A,啡厅": [[6.905850348453356, 7.027588947304071, 6.903521212862208], [8.52318636096414, 8.426078777189888, 8.478106995884774], [7.6052296324606665, 7.634307917701764, 7.567571182877891]], "A,川菜": [[8.488254486133767, 8.39516041326808, 8.440696030451333], [7.54906135668446, 7.585773406105679, 7.515869969411623], [6.869137062746699, 6.996120865659452, 6.867639853001226]], "A,州菜": [[7.549247015059699, 7.585882282354353, 7.516193676126478], [8.488338953551615, 8.39521374959208, 8.440846296094854], [6.869371514079717, 6.996395048292749, 6.867657461569855]], "A,常菜": [[6.869137062746699, 6.996120865659452, 6.867639853001226], [8.488254486133767, 8.39516041326808, 8.440696030451333], [7.54906135668446, 7.585773406105679, 7.515869969411623]], "A,快餐": [[6.869321273122959, 6.996558759521218, 6.867689064200218], [7.549958068767221, 7.5866598778004075, 7.51714388403019], [8.490244434744653, 8.396224356176342, 8.442132256656482]], "A,料理": [[6.869137062746699, 6.996120865659452, 6.867639853001226], [8.488254486133767, 8.39516041326808, 8.440696030451333], [7.54906135668446, 7.585773406105679, 7.515869969411623]], "A,本菜": [[7.5748291361369375, 7.608564743550274, 7.539818976663999], [8.503870894932852, 8.411522401534814, 8.458480984087576], [6.887095730918499, 7.009501940491591, 6.884385510996119]], "A,浙菜": [[6.905850348453356, 7.027588947304071, 6.903521212862208], [7.6052866242038215, 7.634273885350319, 7.567624203821656], [8.523189087488241, 8.426234713076198, 8.478116180620885]], "A,海鲜": [[6.88711743772242, 7.009220317049498, 6.884309285021029], [8.502800899887514, 8.409752530933632, 8.456917885264343], [7.573521613122033, 7.60818277116606, 7.538903619658383]], "A,湘菜": [[7.549412399568293, 7.5862213694687615, 7.516578726466003], [8.48916358091919, 8.395567414506642, 8.441254628621216], [6.869371514079717, 6.996395048292749, 6.867657461569855]], "A,湾菜": [[7.604417107527567, 7.633360953534323, 7.566855758811906], [6.905523949348504, 7.027448461491405, 6.9033339450663735], [8.522144030025803, 8.425357729298616, 8.476683087027915]], "A,火锅": [[7.549247015059699, 7.585882282354353, 7.516193676126478], [8.488338953551615, 8.39521374959208, 8.440846296094856], [6.869371514079717, 6.996395048292749, 6.867657461569855]], "A,烧烤": [[7.549247015059699, 7.585882282354353, 7.516193676126478], [8.488338953551615, 8.39521374959208, 8.440846296094856], [6.869371514079717, 6.996395048292749, 6.867657461569855]], "A,甜点": [[6.904822894962617, 7.027319524451525, 6.9024512807942155], [7.6033239938869075, 7.6321383087111565, 7.5661614875191034], [8.521615925058548, 8.424496487119438, 8.475901639344263]], "A,疆菜": [[6.905523949348504, 7.027448461491405, 6.9033339450663735], [7.604417107527567, 7.633360953534323, 7.566855758811906], [8.522144030025803, 8.425357729298616, 8.476683087027915]], "A,粤菜": [[7.550002995267477, 7.586683040795543, 7.517132929970646], [8.490244434744653, 8.396224356176342, 8.442132256656482], [6.869316558993539, 6.996572594355661, 6.867745664739885]], "A,素菜": [[7.549412399568293, 7.5862213694687615, 7.516578726466003], [8.48916358091919, 8.395567414506642, 8.441254628621216], [6.869371514079717, 6.996395048292749, 6.867657461569855]], "A,美食": [[7.6052866242038215, 7.634273885350319, 7.567624203821656], [6.905850348453356, 7.027588947304071, 6.903521212862208], [8.523189087488241, 8.426234713076198, 8.478116180620885]], "A,蟹宴": [[6.905523949348504, 7.027448461491405, 6.9033339450663735], [7.604417107527567, 7.633360953534323, 7.566855758811906], [8.522144030025803, 8.425357729298616, 8.476683087027915]], "A,西菜": [[6.905523949348504, 7.027448461491405, 6.9033339450663735], [8.522144030025803, 8.425357729298614, 8.476683087027915], [7.604417107527567, 7.633360953534323, 7.566855758811906]], "A,西餐": [[8.504155374887082, 8.411619241192412, 8.45883017163505], [6.887111168596003, 7.0096359050637, 6.884433809739378], [7.57507233885366, 7.608742227421043, 7.539986455703995]], "A,面馆": [[6.887140363354238, 7.009814443654231, 6.88448955841469], [7.575358571868267, 7.608808864265928, 7.540344721452755], [8.5045197740113, 8.411999999999999, 8.458994350282486]], "A,龙虾": [[6.869332789226688, 6.996470108141195, 6.86769366795892], [8.489151508550266, 8.39567585230367, 8.44131358239843], [7.549550305792061, 7.586179398009354, 7.516608706079865]], "B,亚菜": [[6.88711743772242, 7.009220317049498, 6.884309285021029], [8.502416273319847, 8.409114407732075, 8.456709372892785], [7.573274106977605, 7.608137454500586, 7.538564994755999]], "B,助餐": [[6.887140363354238, 7.009814443654231, 6.88448955841469], [7.575358571868267, 7.608808864265928, 7.540344721452755], [8.5045197740113, 8.411999999999999, 8.458994350282486]], "B,北菜": [[6.869371514079717, 6.996395048292749, 6.867657461569855], [8.488338953551615, 8.39521374959208, 8.440846296094856], [7.549247015059699, 7.585882282354353, 7.516193676126478]], "B,午茶": [[6.869371514079717, 6.996395048292749, 6.867657461569855], [8.488338953551615, 8.39521374959208, 8.440846296094856], [7.549247015059699, 7.585882282354353, 7.516193676126478]], "B,南菜": [[8.521615925058548, 8.424496487119438, 8.475901639344263], [6.904822894962618, 7.027319524451525, 6.9024512807942155], [7.6033239938869075, 7.6321383087111565, 7.5661614875191034]], "B,啡厅": [[7.549247015059699, 7.585882282354353, 7.516193676126478], [8.488338953551615, 8.39521374959208, 8.440846296094856], [6.869371514079717, 6.996395048292749, 6.867657461569855]], "B,川菜": [[6.904822894962618, 7.027319524451525, 6.9024512807942155], [8.521615925058548, 8.424496487119438, 8.475901639344263], [7.6033239938869075, 7.6321383087111565, 7.5661614875191034]], "B,常菜": [[6.869393444852441, 6.996552427580578, 6.867747858017136], [8.492367584164931, 8.397620353108893, 8.445158460357495], [7.551347314333513, 7.588151998566051, 7.518008006213778]], "B,快餐": [[6.905850348453356, 7.027588947304071, 6.903521212862208], [8.523189087488241, 8.426234713076198, 8.478116180620885], [7.6052866242038215, 7.634273885350319, 7.567624203821656]], "B,料理": [[7.573965007392804, 7.608070478068013, 7.5391880236569735], [8.503108458159703, 8.410631827908547, 8.45742763824755], [6.886958772894958, 7.009248592324121, 6.884201669794836]], "B,本菜": [[6.887140363354238, 7.009814443654231, 6.88448955841469], [8.504155374887082, 8.411619241192412, 8.45883017163505], [7.575213991009298, 7.608719748753002, 7.540094833425703]], "B,浙菜": [[7.574549147534929, 7.60832769126608, 7.539551917277036], [8.50361010830325, 8.411518501805054, 8.458314530685922], [6.886958772894958, 7.009248592324121, 6.884201669794836]], "B,海鲜": [[6.905850348453356, 7.027588947304071, 6.903521212862208], [7.6052866242038215, 7.634273885350319, 7.567624203821656], [8.523189087488241, 8.426234713076198, 8.478116180620885]], "B,湘菜": [[8.488254486133767, 8.39516041326808, 8.440696030451333], [7.54906135668446, 7.585773406105679, 7.515869969411623], [6.869137062746699, 6.996120865659452, 6.867639853001226]], "B,湾菜": [[6.905523949348504, 7.027448461491405, 6.9033339450663735], [7.604417107527567, 7.633360953534323, 7.566855758811906], [8.522144030025803, 8.425357729298616, 8.476683087027915]], "B,火锅": [[6.905523949348504, 7.027448461491405, 6.9033339450663735], [8.519364229156963, 8.421658127619935, 8.47359105728924], [7.602303705125744, 7.632251871760414, 7.564945287003264]], "B,烧烤": [[6.869316558993539, 6.99657259435566, 6.867745664739885], [7.550002995267477, 7.586683040795543, 7.517132929970646], [8.490244434744653, 8.396224356176342, 8.442132256656482]], "B,甜点": [[7.549550305792061, 7.586179398009354, 7.516608706079865], [8.489151508550266, 8.39567585230367, 8.44131358239843], [6.869332789226688, 6.996470108141195, 6.86769366795892]], "B,疆菜": [[7.549247015059699, 7.585882282354353, 7.516193676126478], [8.488338953551615, 8.39521374959208, 8.440846296094856], [6.869371514079717, 6.996395048292749, 6.867657461569855]], "B,粤菜": [[6.869137062746699, 6.996120865659452, 6.867639853001226], [8.488254486133767, 8.39516041326808, 8.440696030451333], [7.54906135668446, 7.585773406105679, 7.515869969411623]], "B,素菜": [[7.604417107527567, 7.633360953534323, 7.566855758811906], [6.905523949348504, 7.027448461491405, 6.9033339450663735], [8.522144030025803, 8.425357729298614, 8.476683087027915]], "B,美食": [[7.549550305792061, 7.586179398009354, 7.516608706079865], [8.489151508550266, 8.39567585230367, 8.44131358239843], [6.869332789226688, 6.996470108141195, 6.86769366795892]], "B,蟹宴": [[8.50463695996381, 8.412734675412802, 8.459387016512101], [6.887140363354238, 7.009814443654231, 6.88448955841469], [7.57575216883037, 7.608804528394757, 7.540583276933489]], "B,西菜": [[6.905850348453356, 7.027588947304071, 6.903521212862208], [8.523189087488241, 8.426234713076198, 8.478116180620885], [7.6052866242038215, 7.634273885350319, 7.567624203821656]], "B,西餐": [[7.573274106977605, 7.608137454500586, 7.538564994755999], [6.88711743772242, 7.009220317049498, 6.884309285021029], [8.502416273319847, 8.409114407732075, 8.456709372892785]], "B,龙虾": [[6.905523949348504, 7.027448461491405, 6.9033339450663735], [7.604417107527567, 7.633360953534323, 7.566855758811906], [8.522144030025803, 8.425357729298614, 8.476683087027915]], "C,亚菜": [[6.869332789226688, 6.996470108141195, 6.86769366795892], [8.489151508550266, 8.39567585230367, 8.441313582398433], [7.549550305792061, 7.586179398009354, 7.516608706079865]], "C,助餐": [[7.605204484647726, 7.6341444770034395, 7.567518155179004], [6.905832365348169, 7.027590633979336, 6.903478633001162], [8.522969319384037, 8.426119666157282, 8.477994592688376]], "C,北菜": [[7.54906135668446, 7.585773406105679, 7.515869969411623], [8.488254486133767, 8.39516041326808, 8.440696030451333], [6.8691370627467, 6.996120865659453, 6.867639853001226]], "C,南菜": [[8.488338953551615, 8.39521374959208, 8.440846296094856], [6.869371514079717, 6.996395048292749, 6.867657461569855], [7.549247015059699, 7.585882282354353, 7.516193676126478]], "C,啡厅": [[7.604417107527567, 7.633360953534323, 7.566855758811906], [6.905523949348504, 7.027448461491405, 6.9033339450663735], [8.522144030025803, 8.425357729298616, 8.476683087027915]], "C,川菜": [[6.887111168596003, 7.0096359050637, 6.884433809739378], [8.504155374887082, 8.411619241192412, 8.45883017163505], [7.57507233885366, 7.608742227421043, 7.539986455703995]], "C,州菜": [[8.490244434744653, 8.396224356176342, 8.442132256656482], [6.869316558993539, 6.996572594355661, 6.867745664739885], [7.550002995267477, 7.586683040795543, 7.517132929970646]], "C,常菜": [[6.905850348453356, 7.0275889473040705, 6.903521212862208], [8.523189087488241, 8.426234713076198, 8.478116180620885], [7.6052866242038215, 7.634273885350319, 7.567624203821656]], "C,快餐": [[8.490244434744653, 8.396224356176342, 8.442132256656482], [6.869321273122959, 6.996558759521218, 6.867689064200218], [7.549958068767221, 7.5866598778004075, 7.51714388403019]], "C,料理": [[6.886774130899203, 7.009250987246714, 6.884145788826309], [7.5737030191004315, 7.60788662969809, 7.538909426987061], [8.502971299943725, 8.410151941474394, 8.457118739448509]], "C,本菜": [[7.6052866242038215, 7.634273885350319, 7.567624203821656], [6.905850348453356, 7.027588947304071, 6.903521212862208], [8.523189087488241, 8.426234713076198, 8.478116180620885]], "C,浙菜": [[6.905851063829787, 7.02754340914649, 6.903442161897774], [8.522299120234603, 8.425337243401758, 8.476692082111438], [7.604451246731713, 7.633671321982017, 7.567176838211848]], "C,海鲜": [[6.905851063829787, 7.027543409146491, 6.903442161897774], [7.604431832674404, 7.633732942226756, 7.567223568422395], [8.522442515251056, 8.425316752698263, 8.476712810886909]], "C,湘菜": [[6.905850348453356, 7.027588947304071, 6.903521212862208], [7.6052866242038215, 7.634273885350319, 7.567624203821656], [8.523189087488241, 8.426234713076198, 8.478116180620885]], "C,湾菜": [[8.502416273319847, 8.409114407732075, 8.456709372892785], [6.886958772894958, 7.009248592324121, 6.884201669794836], [7.57325602911244, 7.607962745944612, 7.538506137050515]], "C,火锅": [[6.905850348453356, 7.0275889473040705, 6.903521212862208], [8.523285899094438, 8.426214277313889, 8.478184170292838], [7.605292656518693, 7.63433539265015, 7.567645372906184]], "C,烧烤": [[6.869371514079717, 6.996395048292749, 6.867657461569855], [8.488338953551615, 8.39521374959208, 8.440846296094856], [7.549247015059699, 7.585882282354353, 7.516193676126478]], "C,甜点": [[6.905523949348504, 7.027448461491405, 6.9033339450663735], [8.522144030025803, 8.425357729298616, 8.476683087027915], [7.604417107527567, 7.633360953534323, 7.566855758811906]], "C,疆菜": [[6.869332789226688, 6.996470108141195, 6.86769366795892], [8.489151508550266, 8.39567585230367, 8.44131358239843], [7.549550305792061, 7.586179398009354, 7.516608706079865]], "C,粤菜": [[8.51982969788872, 8.422395894086083, 8.474687973871458], [6.904762488507508, 7.0272387373582585, 6.902408826233527], [7.602296797243843, 7.631587342095189, 7.564827102207477]], "C,素菜": [[6.904822894962618, 7.027319524451525, 6.9024512807942155], [8.521615925058548, 8.424496487119438, 8.475901639344263], [7.6033239938869075, 7.6321383087111565, 7.5661614875191034]], "C,美食": [[8.522144030025803, 8.425357729298614, 8.476683087027915], [6.905523949348504, 7.027448461491405, 6.9033339450663735], [7.604417107527567, 7.633360953534323, 7.566855758811906]], "C,蟹宴": [[7.57591851806265, 7.608806695796664, 7.54064250107699], [6.887143688190808, 7.009967035097924, 6.88459698791287], [8.50463695996381, 8.412734675412802, 8.459387016512101]], "C,西菜": [[8.48916358091919, 8.395567414506642, 8.441254628621216], [6.869371514079717, 6.996395048292749, 6.867657461569855], [7.549412399568293, 7.5862213694687615, 7.516578726466003]], "C,西餐": [[7.6033239938869075, 7.6321383087111565, 7.5661614875191034], [6.904822894962618, 7.027319524451525, 6.9024512807942155], [8.521615925058548, 8.424496487119438, 8.475901639344263]], "C,面馆": [[6.905850348453356, 7.027588947304071, 6.903521212862208], [8.523189087488241, 8.426234713076198, 8.478116180620885], [7.6052866242038215, 7.634273885350319, 7.567624203821656]], "C,龙虾": [[7.54906135668446, 7.585773406105679, 7.515869969411623], [8.488254486133767, 8.39516041326808, 8.440696030451333], [6.8691370627467, 6.996120865659453, 6.867639853001226]], "D,亚菜": [[7.604417107527567, 7.633360953534323, 7.566855758811906], [6.905523949348504, 7.027448461491405, 6.9033339450663735], [8.522144030025803, 8.425357729298614, 8.476683087027915]], "D,助餐": [[6.905523949348504, 7.027448461491405, 6.9033339450663735], [8.522144030025803, 8.425357729298614, 8.476683087027915], [7.604417107527567, 7.633360953534323, 7.566855758811906]], "D,北菜": [[8.488338953551615, 8.39521374959208, 8.440846296094856], [7.549247015059699, 7.585882282354353, 7.516193676126478], [6.869371514079717, 6.996395048292749, 6.867657461569855]], "D,南菜": [[6.869371514079717, 6.996395048292749, 6.867657461569855], [8.488338953551615, 8.39521374959208, 8.440846296094856], [7.549247015059699, 7.585882282354353, 7.516193676126478]], "D,啡厅": [[6.905850348453356, 7.027588947304071, 6.903521212862208], [7.6052866242038215, 7.634273885350319, 7.567624203821656], [8.523189087488241, 8.426234713076198, 8.478116180620885]], "D,川菜": [[6.886759469083846, 7.009148591777274, 6.88413078666235], [8.502971299943725, 8.410151941474394, 8.457118739448509], [7.573632331197635, 7.60791030064071, 7.538843026121242]], "D,州菜": [[7.6052866242038215, 7.634273885350319, 7.567624203821656], [6.905850348453356, 7.0275889473040705, 6.903521212862208], [8.523189087488241, 8.426234713076198, 8.478116180620885]], "D,常菜": [[7.604417107527567, 7.633360953534323, 7.566855758811906], [6.905523949348504, 7.027448461491405, 6.9033339450663735], [8.522144030025803, 8.425357729298614, 8.476683087027915]], "D,快餐": [[6.869137062746699, 6.996120865659452, 6.867639853001226], [7.54906135668446, 7.585773406105679, 7.515869969411623], [8.48825448613377, 8.39516041326808, 8.440696030451333]], "D,料理": [[6.905523949348504, 7.027448461491405, 6.9033339450663735], [8.522144030025803, 8.425357729298614, 8.476683087027915], [7.604417107527567, 7.633360953534323, 7.566855758811906]], "D,本菜": [[8.521615925058548, 8.424496487119438, 8.475901639344263], [6.904822894962618, 7.027319524451525, 6.9024512807942155], [7.6033239938869075, 7.6321383087111565, 7.5661614875191034]], "D,浙菜": [[8.523189087488241, 8.426234713076198, 8.478116180620885], [6.905850348453356, 7.027588947304071, 6.903521212862208], [7.6052866242038215, 7.634273885350319, 7.567624203821656]], "D,海鲜": [[6.905850348453356, 7.027588947304071, 6.903521212862208], [7.6052866242038215, 7.634273885350319, 7.567624203821656], [8.523189087488241, 8.426234713076198, 8.478116180620884]], "D,湘菜": [[6.869332789226688, 6.996470108141195, 6.86769366795892], [8.489151508550266, 8.39567585230367, 8.44131358239843], [7.549550305792061, 7.586179398009354, 7.516608706079865]], "D,湾菜": [[7.54906135668446, 7.585773406105679, 7.515869969411623], [8.488254486133767, 8.39516041326808, 8.440696030451333], [6.869137062746699, 6.996120865659453, 6.867639853001226]], "D,火锅": [[8.489151508550266, 8.39567585230367, 8.44131358239843], [7.549550305792061, 7.586179398009354, 7.516608706079865], [6.869332789226688, 6.996470108141195, 6.86769366795892]], "D,烧烤": [[7.6052866242038215, 7.634273885350319, 7.567624203821656], [6.905850348453356, 7.027588947304071, 6.903521212862208], [8.523189087488241, 8.426234713076198, 8.478116180620885]], "D,甜点": [[7.549412399568293, 7.5862213694687615, 7.516578726466003], [8.48916358091919, 8.395567414506642, 8.441254628621216], [6.869371514079717, 6.996395048292749, 6.867657461569855]], "D,疆菜": [[6.904822894962617, 7.027319524451525, 6.9024512807942155], [7.6033239938869075, 7.6321383087111565, 7.5661614875191034], [8.521615925058548, 8.424496487119438, 8.475901639344263]], "D,粤菜": [[6.904822894962618, 7.027319524451525, 6.9024512807942155], [7.6033239938869075, 7.6321383087111565, 7.5661614875191034], [8.521615925058548, 8.424496487119438, 8.475901639344263]], "D,素菜": [[8.489151508550266, 8.39567585230367, 8.44131358239843], [6.869332789226688, 6.996470108141195, 6.86769366795892], [7.549550305792061, 7.586179398009354, 7.516608706079865]], "D,美食": [[6.904822894962617, 7.027319524451525, 6.9024512807942155], [8.521615925058548, 8.424496487119438, 8.475901639344263], [7.6033239938869075, 7.6321383087111565, 7.5661614875191034]], "D,蟹宴": [[6.905850348453356, 7.027588947304071, 6.903521212862208], [7.6052866242038215, 7.634273885350319, 7.567624203821656], [8.523189087488241, 8.426234713076198, 8.478116180620885]], "D,西菜": [[6.905850348453356, 7.027588947304071, 6.903521212862208], [8.523189087488241, 8.426234713076198, 8.478116180620885], [7.6052866242038215, 7.634273885350319, 7.567624203821656]], "D,西餐": [[6.886944138779208, 7.009146223056508, 6.884186678749434], [7.573237960165259, 7.607997780107294, 7.538533637540852], [8.502529226618705, 8.409273830935252, 8.456744604316548]], "D,面馆": [[6.905850348453356, 7.027588947304071, 6.903521212862208], [8.523189087488241, 8.426234713076198, 8.478116180620885], [7.6052866242038215, 7.634273885350319, 7.567624203821656]], "D,龙虾": [[8.523189087488241, 8.426234713076198, 8.478116180620885], [6.905850348453356, 7.0275889473040705, 6.903521212862208], [7.6052866242038215, 7.634273885350319, 7.567624203821656]], "E,亚菜": [[6.905850348453356, 7.027588947304071, 6.903521212862208], [8.523189087488241, 8.426234713076198, 8.478116180620885], [7.6052866242038215, 7.634273885350319, 7.567624203821656]], "E,助餐": [[7.6053439490445855, 7.634318471337579, 7.567668789808917], [6.905843877987652, 7.027642276422764, 6.903539336145242], [8.523285899094438, 8.426214277313889, 8.478184170292838]], "E,北菜": [[7.6052866242038215, 7.634273885350319, 7.567624203821656], [6.905850348453356, 7.027588947304071, 6.903521212862208], [8.523189087488241, 8.426234713076198, 8.478116180620884]], "E,南菜": [[6.905850348453356, 7.027588947304071, 6.903521212862208], [8.523189087488241, 8.426234713076198, 8.478116180620885], [7.6052866242038215, 7.634273885350319, 7.567624203821656]], "E,啡厅": [[6.905850348453356, 7.027588947304071, 6.903521212862208], [8.523189087488241, 8.426234713076198, 8.478116180620885], [7.6052866242038215, 7.634273885350319, 7.567624203821656]], "E,川菜": [[7.604417107527567, 7.633360953534323, 7.566855758811906], [6.905523949348504, 7.027448461491405, 6.9033339450663735], [8.522144030025803, 8.425357729298616, 8.476683087027915]], "E,州菜": [[6.905523949348504, 7.027448461491405, 6.9033339450663735], [7.604417107527567, 7.633360953534323, 7.566855758811906], [8.522144030025803, 8.425357729298614, 8.476683087027915]], "E,常菜": [[7.573704000493127, 7.608259877951057, 7.539123466683105], [8.503095452498874, 8.410153084196308, 8.457136425033768], [6.88711743772242, 7.009220317049498, 6.884309285021029]], "E,快餐": [[7.6033239938869075, 7.6321383087111565, 7.5661614875191034], [6.904822894962618, 7.027319524451525, 6.9024512807942155], [8.521615925058548, 8.424496487119438, 8.475901639344263]], "E,料理": [[6.905850348453356, 7.027588947304071, 6.903521212862208], [8.523285899094438, 8.426214277313889, 8.478184170292838], [7.605292656518693, 7.63433539265015, 7.567645372906184]], "E,本菜": [[7.549247015059699, 7.585882282354353, 7.516193676126478], [8.488338953551615, 8.39521374959208, 8.440846296094856], [6.869371514079717, 6.996395048292749, 6.867657461569855]], "E,浙菜": [[6.86932127312296, 6.996558759521218, 6.867689064200218], [8.490244434744653, 8.396224356176342, 8.442132256656482], [7.549958068767221, 7.5866598778004075, 7.51714388403019]], "E,海鲜": [[7.575216936426857, 7.608831312696166, 7.540236322235215], [6.887111168596003, 7.0096359050637, 6.884433809739378], [8.5045197740113, 8.411999999999999, 8.458994350282486]], "E,湘菜": [[6.905850348453356, 7.027588947304071, 6.903521212862208], [7.6052866242038215, 7.634273885350319, 7.567624203821656], [8.523189087488241, 8.426234713076198, 8.478116180620885]], "E,湾菜": [[6.905850348453356, 7.027588947304071, 6.903521212862208], [7.6052866242038215, 7.634273885350319, 7.567624203821656], [8.523189087488241, 8.426234713076198, 8.478116180620885]], "E,火锅": [[6.869137062746699, 6.996120865659453, 6.867639853001226], [8.488254486133767, 8.39516041326808, 8.440696030451333], [7.54906135668446, 7.585773406105679, 7.515869969411623]], "E,烧烤": [[7.6033239938869075, 7.6321383087111565, 7.5661614875191034], [6.904822894962618, 7.027319524451525, 6.9024512807942155], [8.521615925058548, 8.424496487119438, 8.475901639344263]], "E,甜点": [[7.605292656518693, 7.63433539265015, 7.567645372906185], [6.905850348453356, 7.027588947304071, 6.903521212862208], [8.523285899094438, 8.426214277313889, 8.478184170292838]], "E,疆菜": [[7.549412399568293, 7.5862213694687615, 7.516578726466003], [8.48916358091919, 8.395567414506642, 8.441254628621216], [6.869371514079717, 6.996395048292749, 6.867657461569855]], "E,粤菜": [[6.905850348453356, 7.027588947304071, 6.903521212862208], [8.523189087488241, 8.426234713076198, 8.478116180620885], [7.6052866242038215, 7.634273885350319, 7.567624203821656]], "E,素菜": [[8.502971299943725, 8.410151941474394, 8.457118739448509], [7.573714708420663, 7.608211071384539, 7.53907656269264], [6.88711743772242, 7.009220317049498, 6.884309285021029]], "E,美食": [[7.54906135668446, 7.585773406105679, 7.515869969411623], [8.488254486133767, 8.39516041326808, 8.440696030451333], [6.869137062746699, 6.996120865659452, 6.867639853001226]], "E,蟹宴": [[8.488338953551615, 8.39521374959208, 8.440846296094856], [6.869371514079717, 6.996395048292749, 6.867657461569855], [7.549247015059699, 7.585882282354353, 7.516193676126478]], "E,西菜": [[8.488254486133767, 8.39516041326808, 8.440696030451333], [7.54906135668446, 7.585773406105679, 7.515869969411623], [6.869137062746699, 6.996120865659453, 6.867639853001226]], "E,西餐": [[6.905523949348504, 7.027448461491405, 6.9033339450663735], [8.522144030025803, 8.425357729298616, 8.476683087027915], [7.604417107527567, 7.633360953534323, 7.566855758811906]], "E,面馆": [[6.905850348453356, 7.027588947304071, 6.903521212862208], [7.6052866242038215, 7.634273885350319, 7.567624203821656], [8.523189087488241, 8.426234713076198, 8.478116180620885]], "E,龙虾": [[7.604417107527567, 7.633360953534323, 7.566855758811906], [8.522144030025803, 8.425357729298616, 8.476683087027915], [6.905523949348504, 7.027448461491405, 6.9033339450663735]], "F,亚菜": [[8.522144030025803, 8.425357729298616, 8.476683087027915], [6.905523949348504, 7.027448461491405, 6.9033339450663735], [7.604417107527567, 7.633360953534323, 7.566855758811906]], "F,助餐": [[8.490244434744653, 8.396224356176342, 8.442132256656482], [7.550002995267477, 7.586683040795543, 7.517132929970646], [6.869316558993539, 6.996572594355661, 6.867745664739885]], "F,北菜": [[7.57343932951254, 7.607881925186418, 7.53867011770506], [6.886759469083845, 7.009148591777273, 6.88413078666235], [8.502800899887513, 8.409752530933632, 8.456917885264343]], "F,南菜": [[6.869316558993539, 6.99657259435566, 6.867745664739885], [7.550002995267477, 7.586683040795543, 7.517132929970646], [8.490244434744653, 8.396224356176342, 8.442132256656482]], "F,啡厅": [[6.8691370627467, 6.996120865659452, 6.867639853001226], [8.488254486133767, 8.39516041326808, 8.440696030451333], [7.54906135668446, 7.585773406105679, 7.515869969411623]], "F,川菜": [[6.869371514079717, 6.996395048292749, 6.867657461569855], [8.488338953551615, 8.39521374959208, 8.440846296094856], [7.549247015059699, 7.585882282354353, 7.516193676126478]], "F,常菜": [[8.523189087488241, 8.426234713076198, 8.478116180620885], [6.905850348453356, 7.027588947304071, 6.903521212862208], [7.6052866242038215, 7.634273885350319, 7.567624203821656]], "F,快餐": [[7.54675696640611, 7.5850289396742046, 7.514320663524076], [8.488338953551615, 8.39521374959208, 8.440846296094856], [6.867946611909651, 6.993661875427788, 6.865722108145106]], "F,料理": [[8.490244434744653, 8.396224356176342, 8.442132256656482], [6.869321273122959, 6.996558759521218, 6.867689064200218], [7.549958068767221, 7.5866598778004075, 7.51714388403019]], "F,本菜": [[8.521615925058548, 8.424496487119438, 8.475901639344263], [6.904822894962618, 7.027319524451525, 6.9024512807942155], [7.6033239938869075, 7.6321383087111565, 7.5661614875191034]], "F,浙菜": [[6.88711743772242, 7.009220317049498, 6.884309285021029], [8.503314169766655, 8.411193777477173, 8.457885244053658], [7.5743286523774325, 7.608333333333333, 7.539449371766445]], "F,海鲜": [[6.905523949348504, 7.027448461491405, 6.9033339450663735], [7.604417107527567, 7.633360953534323, 7.566855758811906], [8.522144030025803, 8.425357729298614, 8.476683087027915]], "F,湘菜": [[7.6052866242038215, 7.634273885350319, 7.567624203821656], [6.905850348453356, 7.027588947304071, 6.903521212862208], [8.523189087488241, 8.426234713076198, 8.478116180620885]], "F,湾菜": [[7.54906135668446, 7.585773406105679, 7.515869969411623], [8.488254486133767, 8.39516041326808, 8.440696030451333], [6.869137062746699, 6.996120865659452, 6.867639853001226]], "F,火锅": [[7.549550305792061, 7.586179398009354, 7.516608706079865], [6.869332789226688, 6.996470108141195, 6.86769366795892], [8.489151508550266, 8.39567585230367, 8.441313582398433]], "F,烧烤": [[8.488254486133767, 8.39516041326808, 8.440696030451333], [6.869137062746699, 6.996120865659453, 6.867639853001226], [7.54906135668446, 7.585773406105679, 7.515869969411623]], "F,甜点": [[6.904822894962618, 7.027319524451525, 6.9024512807942155], [8.521615925058548, 8.424496487119438, 8.475901639344263], [7.6033239938869075, 7.6321383087111565, 7.5661614875191034]], "F,疆菜": [[7.605632095930603, 7.635068248501084, 7.568044393417527], [8.523285899094438, 8.426214277313889, 8.478184170292838], [6.90650753922227, 7.027739454245772, 6.904071790488981]], "F,粤菜": [[8.489151508550266, 8.39567585230367, 8.44131358239843], [6.869332789226688, 6.996470108141195, 6.86769366795892], [7.549550305792061, 7.586179398009354, 7.516608706079865]], "F,素菜": [[6.905850348453356, 7.0275889473040705, 6.903521212862208], [8.523189087488241, 8.426234713076198, 8.478116180620884], [7.6052866242038215, 7.634273885350319, 7.567624203821656]], "F,美食": [[8.521615925058548, 8.424496487119438, 8.475901639344263], [6.904822894962617, 7.027319524451526, 6.9024512807942155], [7.6033239938869075, 7.6321383087111565, 7.5661614875191034]], "F,蟹宴": [[7.549958068767221, 7.5866598778004075, 7.51714388403019], [8.490244434744653, 8.396224356176342, 8.442132256656482], [6.86932127312296, 6.996558759521218, 6.867689064200218]], "F,西菜": [[7.573632331197635, 7.607910300640709, 7.538843026121242], [6.886759469083845, 7.009148591777274, 6.88413078666235], [8.502971299943725, 8.410151941474394, 8.457118739448509]], "F,西餐": [[8.521615925058548, 8.424496487119438, 8.475901639344263], [6.904822894962618, 7.027319524451525, 6.9024512807942155], [7.6033239938869075, 7.6321383087111565, 7.5661614875191034]], "F,面馆": [[6.869371514079717, 6.996395048292749, 6.867657461569855], [8.48916358091919, 8.395567414506642, 8.441254628621216], [7.549412399568293, 7.5862213694687615, 7.516578726466003]], "F,龙虾": [[8.489151508550266, 8.39567585230367, 8.441313582398433], [7.549550305792061, 7.586179398009354, 7.516608706079865], [6.869332789226688, 6.996470108141195, 6.86769366795892]], "G,亚菜": [[6.905850348453356, 7.027588947304071, 6.903521212862208], [7.6052866242038215, 7.634273885350319, 7.567624203821656], [8.523189087488241, 8.426234713076198, 8.478116180620885]], "G,助餐": [[7.605632095930603, 7.635068248501084, 7.568044393417527], [6.90650753922227, 7.027739454245772, 6.904071790488981], [8.523285899094438, 8.426214277313889, 8.478184170292838]], "G,北菜": [[6.905523949348504, 7.027448461491405, 6.9033339450663735], [7.604417107527567, 7.633360953534323, 7.566855758811906], [8.522144030025803, 8.425357729298616, 8.476683087027915]], "G,南菜": [[6.905523949348504, 7.027448461491405, 6.9033339450663735], [7.604417107527567, 7.633360953534323, 7.566855758811906], [8.522144030025803, 8.425357729298616, 8.476683087027915]], "G,啡厅": [[6.905850348453356, 7.027588947304071, 6.903521212862208], [8.523189087488241, 8.426234713076198, 8.478116180620885], [7.6052866242038215, 7.634273885350319, 7.567624203821656]], "G,川菜": [[7.552398634485237, 7.5887524705036835, 7.51906330478529], [8.492540587977183, 8.397740236946028, 8.44530495831505], [6.870275950911926, 6.997687978846023, 6.868547020136959]], "G,州菜": [[7.604417107527567, 7.633360953534323, 7.566855758811906], [6.905523949348504, 7.027448461491405, 6.9033339450663735], [8.522144030025803, 8.425357729298614, 8.476683087027915]], "G,常菜": [[7.575447774973841, 7.608807779897827, 7.5404136148211975], [8.504566003616636, 8.412183544303797, 8.459075497287524], [6.887140363354238, 7.009814443654231, 6.884489558414689]], "G,快餐": [[6.905523949348504, 7.027448461491405, 6.9033339450663735], [7.604417107527567, 7.633360953534323, 7.566855758811906], [8.522144030025803, 8.425357729298616, 8.476683087027915]], "G,料理": [[7.604417107527567, 7.633360953534323, 7.566855758811906], [8.522144030025803, 8.425357729298614, 8.476683087027915], [6.905523949348504, 7.027448461491405, 6.9033339450663735]], "G,本菜": [[7.6052866242038215, 7.634273885350319, 7.567624203821656], [6.905850348453356, 7.027588947304071, 6.903521212862208], [8.523189087488241, 8.426234713076198, 8.478116180620885]], "G,浙菜": [[7.573632331197635, 7.607910300640709, 7.538843026121242], [8.502971299943725, 8.410151941474394, 8.457118739448509], [6.886759469083845, 7.009148591777273, 6.88413078666235]], "G,海鲜": [[8.523189087488241, 8.426234713076198, 8.478116180620885], [6.905850348453356, 7.0275889473040705, 6.903521212862208], [7.6052866242038215, 7.634273885350319, 7.567624203821656]], "G,湘菜": [[7.605134739122125, 7.634127540294323, 7.567522456520354], [8.522990126939352, 8.426057827926657, 8.477879642689233], [6.905832365348169, 7.027590633979336, 6.903478633001162]], "G,湾菜": [[7.6033239938869075, 7.6321383087111565, 7.5661614875191034], [6.904822894962618, 7.027319524451525, 6.902451280794215], [8.521615925058548, 8.424496487119438, 8.475901639344263]], "G,火锅": [[7.550002995267477, 7.586683040795543, 7.517132929970646], [8.490244434744653, 8.396224356176342, 8.442132256656482], [6.869316558993539, 6.996572594355661, 6.867745664739885]], "G,烧烤": [[6.905850348453356, 7.027588947304071, 6.903521212862208], [8.523189087488241, 8.426234713076198, 8.478116180620885], [7.6052866242038215, 7.634273885350319, 7.567624203821656]], "G,甜点": [[7.549247015059699, 7.585882282354353, 7.516193676126478], [8.488338953551615, 8.39521374959208, 8.440846296094856], [6.869371514079717, 6.996395048292749, 6.867657461569855]], "G,疆菜": [[6.905850348453356, 7.027588947304071, 6.903521212862208], [8.523189087488241, 8.426234713076198, 8.478116180620885], [7.6052866242038215, 7.634273885350319, 7.567624203821656]], "G,粤菜": [[6.886670984455958, 7.009080310880829, 6.883976683937824], [7.57306459566075, 7.607716962524655, 7.538276627218935], [8.502416273319847, 8.409114407732075, 8.456709372892785]], "G,素菜": [[8.523189087488241, 8.426234713076198, 8.478116180620885], [6.905850348453356, 7.027588947304071, 6.903521212862208], [7.6052866242038215, 7.634273885350319, 7.567624203821656]], "G,美食": [[6.904822894962618, 7.027319524451525, 6.9024512807942155], [8.521615925058548, 8.424496487119438, 8.475901639344263], [7.6033239938869075, 7.6321383087111565, 7.5661614875191034]], "G,蟹宴": [[8.522144030025803, 8.425357729298616, 8.476683087027915], [6.905523949348504, 7.027448461491405, 6.9033339450663735], [7.604417107527567, 7.633360953534323, 7.566855758811906]], "G,西菜": [[7.549247015059699, 7.585882282354353, 7.516193676126478], [8.488338953551615, 8.39521374959208, 8.440846296094856], [6.869371514079717, 6.996395048292749, 6.867657461569855]], "G,西餐": [[7.54906135668446, 7.585773406105679, 7.515869969411623], [8.488254486133767, 8.39516041326808, 8.440696030451333], [6.869137062746699, 6.996120865659452, 6.867639853001226]], "G,面馆": [[6.905523949348504, 7.027448461491405, 6.9033339450663735], [7.604417107527567, 7.633360953534323, 7.566855758811906], [8.522144030025803, 8.425357729298616, 8.476683087027915]], "G,龙虾": [[6.904822894962618, 7.027319524451525, 6.9024512807942155], [8.521615925058548, 8.424496487119438, 8.475901639344263], [7.6033239938869075, 7.6321383087111565, 7.5661614875191034]], "H,亚菜": [[6.869137062746699, 6.996120865659453, 6.867639853001226], [8.488254486133767, 8.39516041326808, 8.440696030451333], [7.54906135668446, 7.585773406105679, 7.515869969411623]], "H,助餐": [[7.549247015059699, 7.585882282354353, 7.516193676126478], [8.488338953551615, 8.39521374959208, 8.440846296094856], [6.869371514079717, 6.996395048292749, 6.867657461569855]], "H,北菜": [[6.869371514079717, 6.996395048292749, 6.867657461569855], [8.488338953551615, 8.39521374959208, 8.440846296094856], [7.549247015059699, 7.585882282354353, 7.516193676126478]], "H,南菜": [[8.488254486133767, 8.39516041326808, 8.440696030451333], [7.54906135668446, 7.585773406105679, 7.515869969411623], [6.869137062746699, 6.996120865659452, 6.867639853001226]], "H,啡厅": [[7.605292656518693, 7.63433539265015, 7.567645372906185], [6.905850348453356, 7.027588947304071, 6.903521212862208], [8.523285899094438, 8.426214277313889, 8.478184170292838]], "H,川菜": [[8.521615925058548, 8.424496487119438, 8.475901639344263], [6.904822894962618, 7.027319524451525, 6.9024512807942155], [7.6033239938869075, 7.6321383087111565, 7.5661614875191034]], "H,州菜": [[7.604417107527567, 7.633360953534323, 7.566855758811906], [6.905523949348504, 7.027448461491405, 6.9033339450663735], [8.522144030025803, 8.425357729298614, 8.476683087027915]], "H,常菜": [[6.869137062746699, 6.996120865659453, 6.867639853001226], [8.488254486133767, 8.39516041326808, 8.440696030451333], [7.54906135668446, 7.585773406105679, 7.515869969411623]], "H,快餐": [[8.523189087488241, 8.426234713076198, 8.478116180620885], [6.905850348453356, 7.027588947304071, 6.903521212862208], [7.6052866242038215, 7.634273885350319, 7.567624203821656]], "H,料理": [[7.549550305792061, 7.586179398009354, 7.516608706079865], [8.489151508550266, 8.39567585230367, 8.44131358239843], [6.869332789226688, 6.996470108141195, 6.86769366795892]], "H,本菜": [[6.905523949348504, 7.027448461491405, 6.9033339450663735], [7.604417107527567, 7.633360953534323, 7.566855758811906], [8.522144030025803, 8.425357729298614, 8.476683087027915]], "H,浙菜": [[6.869316558993539, 6.996572594355661, 6.867745664739885], [8.490244434744653, 8.396224356176342, 8.442132256656482], [7.550002995267477, 7.586683040795543, 7.517132929970646]], "H,海鲜": [[7.605204484647726, 7.6341444770034395, 7.567518155179004], [6.905832365348169, 7.027590633979336, 6.9034786330011615], [8.522969319384037, 8.426119666157282, 8.477994592688376]], "H,湘菜": [[6.869332789226688, 6.996470108141195, 6.86769366795892], [8.489151508550266, 8.39567585230367, 8.441313582398433], [7.549550305792061, 7.586179398009354, 7.516608706079865]], "H,湾菜": [[8.488254486133767, 8.39516041326808, 8.440696030451333], [7.54906135668446, 7.585773406105679, 7.515869969411623], [6.869137062746699, 6.996120865659453, 6.867639853001226]], "H,火锅": [[7.6052866242038215, 7.634273885350319, 7.567624203821656], [6.905850348453356, 7.027588947304071, 6.903521212862208], [8.523189087488241, 8.426234713076198, 8.478116180620885]], "H,烧烤": [[6.869316558993539, 6.996572594355661, 6.867745664739885], [8.490244434744653, 8.396224356176342, 8.442132256656482], [7.550002995267477, 7.586683040795543, 7.517132929970646]], "H,甜点": [[8.521615925058548, 8.424496487119438, 8.475901639344263], [6.905523949348504, 7.027448461491405, 6.9033339450663735], [7.603885167464115, 7.633122807017544, 7.5664688995215315]], "H,疆菜": [[6.904822894962618, 7.027319524451525, 6.9024512807942155], [7.6033239938869075, 7.6321383087111565, 7.5661614875191034], [8.521615925058548, 8.424496487119438, 8.475901639344263]], "H,粤菜": [[6.886958772894958, 7.009248592324121, 6.884201669794836], [8.503541220254878, 8.411356715912936, 8.45809180106011], [7.574415168677666, 7.608267668062053, 7.539503816793893]], "H,素菜": [[7.575358571868267, 7.608808864265928, 7.540344721452755], [8.5045197740113, 8.411999999999999, 8.458994350282486], [6.887140363354238, 7.009814443654231, 6.88448955841469]], "H,美食": [[8.489151508550266, 8.39567585230367, 8.441313582398433], [7.549550305792061, 7.586179398009354, 7.516608706079865], [6.869332789226688, 6.996470108141195, 6.86769366795892]], "H,蟹宴": [[7.6033239938869075, 7.6321383087111565, 7.5661614875191034], [6.904822894962618, 7.027319524451525, 6.9024512807942155], [8.521615925058548, 8.424496487119438, 8.475901639344263]], "H,西菜": [[8.48916358091919, 8.395567414506642, 8.441254628621216], [7.549412399568293, 7.5862213694687615, 7.516578726466003], [6.869371514079717, 6.996395048292749, 6.867657461569855]], "H,西餐": [[6.905523949348504, 7.027448461491405, 6.9033339450663735], [8.522144030025803, 8.425357729298616, 8.476683087027915], [7.604417107527567, 7.633360953534323, 7.566855758811906]], "H,面馆": [[8.490244434744653, 8.396224356176342, 8.442132256656482], [6.869316558993539, 6.996572594355661, 6.867745664739885], [7.550002995267477, 7.586683040795543, 7.517132929970646]], "H,龙虾": [[7.6052866242038215, 7.634273885350319, 7.567624203821656], [6.905850348453356, 7.027588947304071, 6.903521212862208], [8.523189087488241, 8.42623471307619