{"A,亚菜": [[6.862663495838287, 7.057933676839742, 6.8313515655965125], [8.555500733431124, 8.45655420722763, 8.507987731697561], [7.676423120778879, 7.699894746074905, 7.604262783966319]], "A,助餐": [[8.577442023893184, 8.476303583977511, 8.532677442023894], [6.888917877997266, 7.076543670021121, 6.855100012423905], [7.708332596196374, 7.727173816895179, 7.635329500221141]], "A,北菜": [[8.555886278697278, 8.456927389215162, 8.508422317138281], [6.862663495838287, 7.057933676839742, 6.8313515655965125], [7.6767093267882185, 7.700113955119215, 7.60453190743338]], "A,南菜": [[8.578872445384073, 8.477420718816067, 8.533671599718112], [6.889831558087689, 7.077792915531336, 6.8565023532325995], [7.7101327433628315, 7.728345132743363, 7.637017699115044]], "A,啡厅": [[7.708332596196374, 7.727173816895179, 7.635329500221141], [8.577442023893184, 8.476303583977511, 8.532677442023894], [6.888917877997266, 7.07654367002112, 6.855100012423905]], "A,川菜": [[7.673378330995792, 7.697922510518934, 7.601525245441795], [8.553949289791584, 8.454307712730651, 8.505933890880128], [6.860427736450585, 7.056256641870351, 6.829264080765144]], "A,州菜": [[6.889019997515836, 7.076698546764377, 6.855136007949324], [8.577442023893184, 8.476303583977511, 8.532677442023894], [7.708404848270371, 7.727178625143767, 7.635441918074847]], "A,常菜": [[7.708332596196374, 7.727173816895179, 7.635329500221141], [6.888917877997266, 7.076543670021121, 6.855100012423904], [8.577442023893184, 8.476303583977511, 8.532677442023894]], "A,快餐": [[7.673378330995792, 7.697922510518934, 7.601525245441795], [8.553949289791584, 8.454307712730651, 8.505933890880128], [6.860427736450585, 7.056256641870351, 6.829264080765144]], "A,料理": [[8.575381172191914, 8.474206182682892, 8.530801510700798], [6.888241881298992, 7.075936294637303, 6.854684583799926], [7.706629442524151, 7.725985996632101, 7.633280155986883]], "A,本菜": [[7.710095558308264, 7.728499380640595, 7.637135020350381], [6.889831558087689, 7.077792915531336, 6.8565023532325995], [8.579176653038207, 8.477386155364444, 8.533737487663895]], "A,浙菜": [[8.556161454156642, 8.457631649291633, 8.509168671478216], [6.862800528401585, 7.057952443857332, 6.831334214002642], [7.6772794954891825, 7.700359113602523, 7.604913725146711]], "A,海鲜": [[6.888917877997266, 7.07654367002112, 6.855100012423905], [7.708332596196374, 7.727173816895179, 7.635329500221141], [8.577442023893184, 8.476303583977511, 8.532677442023894]], "A,湘菜": [[6.861705508474576, 7.057203389830509, 6.830548199152543], [8.555231240837, 8.456297481007596, 8.507823537251767], [7.675714035395129, 7.699325389872087, 7.603434378833012]], "A,湾菜": [[6.889831558087689, 7.077792915531336, 6.8565023532325995], [7.7101327433628315, 7.728345132743363, 7.637017699115044], [8.578872445384073, 8.477420718816067, 8.533671599718112]], "A,火锅": [[8.579176653038207, 8.477386155364444, 8.533737487663895], [7.710095558308264, 7.728499380640595, 7.637135020350381], [6.889831558087689, 7.077792915531336, 6.8565023532325995]], "A,烧烤": [[7.6767093267882185, 7.700113955119215, 7.60453190743338], [8.555886278697278, 8.456927389215162, 8.508422317138281], [6.862663495838287, 7.057933676839741, 6.8313515655965125]], "A,甜点": [[6.860427736450585, 7.056256641870351, 6.829264080765144], [8.553949289791584, 8.454307712730651, 8.505933890880128], [7.673378330995792, 7.697922510518934, 7.601525245441795]], "A,疆菜": [[6.862663495838287, 7.057933676839742, 6.8313515655965125], [8.555886278697276, 8.456927389215162, 8.508422317138281], [7.6767093267882185, 7.700113955119215, 7.60453190743338]], "A,粤菜": [[7.673378330995792, 7.697922510518934, 7.601525245441795], [8.553949289791584, 8.454307712730651, 8.505933890880128], [6.860427736450585, 7.056256641870351, 6.829264080765144]], "A,素菜": [[7.673378330995792, 7.697922510518934, 7.601525245441795], [8.553949289791584, 8.454307712730651, 8.505933890880128], [6.860427736450585, 7.056256641870351, 6.829264080765144]], "A,美食": [[8.555886278697278, 8.456927389215162, 8.508422317138281], [6.862663495838287, 7.057933676839741, 6.8313515655965125], [7.6767093267882185, 7.700113955119215, 7.60453190743338]], "A,蟹宴": [[7.708404848270371, 7.727178625143767, 7.635441918074847], [8.577442023893184, 8.476303583977511, 8.532677442023894], [6.889019997515836, 7.076698546764377, 6.855136007949324]], "A,西菜": [[7.710095558308264, 7.728499380640595, 7.637135020350381], [6.889831558087689, 7.077792915531336, 6.8565023532325995], [8.579176653038207, 8.477386155364444, 8.533737487663894]], "A,西餐": [[7.710095558308264, 7.728499380640595, 7.637135020350381], [8.579176653038207, 8.477386155364444, 8.533737487663895], [6.889831558087689, 7.077792915531336, 6.8565023532325995]], "A,面馆": [[7.6772794954891825, 7.700359113602523, 7.604913725146711], [6.862800528401585, 7.057952443857332, 6.831334214002642], [8.556161454156642, 8.457631649291633, 8.509168671478216]], "A,龙虾": [[7.673378330995792, 7.697922510518934, 7.601525245441795], [8.553949289791584, 8.454307712730651, 8.505933890880128], [6.860427736450585, 7.056256641870351, 6.829264080765144]], "B,亚菜": [[8.578872445384073, 8.477420718816067, 8.533671599718112], [6.889831558087689, 7.077792915531336, 6.8565023532325995], [7.7101327433628315, 7.728345132743363, 7.637017699115044]], "B,助餐": [[8.577442023893184, 8.476303583977513, 8.532677442023894], [6.888917877997266, 7.07654367002112, 6.855100012423904], [7.708332596196374, 7.727173816895179, 7.635329500221141]], "B,北菜": [[8.556161454156642, 8.457631649291633, 8.509168671478216], [6.862800528401585, 7.057952443857332, 6.831334214002642], [7.6772794954891825, 7.700359113602523, 7.604913725146711]], "B,午茶": [[7.708332596196374, 7.727173816895179, 7.635329500221141], [6.888917877997266, 7.07654367002112, 6.855100012423905], [8.577442023893184, 8.476303583977511, 8.532677442023894]], "B,南菜": [[8.555231240837, 8.456297481007596, 8.507823537251767], [6.862018785553644, 7.057706045773251, 6.830797724566742], [7.676005961251863, 7.699386341719997, 7.603743315508021]], "B,啡厅": [[8.553949289791584, 8.454307712730651, 8.505933890880128], [7.673378330995792, 7.697922510518934, 7.601525245441795], [6.860427736450585, 7.056256641870351, 6.829264080765144]], "B,川菜": [[7.710095558308264, 7.728499380640595, 7.637135020350381], [6.889831558087689, 7.077792915531336, 6.8565023532325995], [8.579176653038207, 8.477386155364444, 8.533737487663894]], "B,常菜": [[8.556161454156642, 8.457631649291633, 8.509168671478216], [7.6772794954891825, 7.700359113602523, 7.604913725146711], [6.862800528401585, 7.057952443857332, 6.831334214002642]], "B,快餐": [[7.7035395886662545, 7.72272927884191, 7.630108570924177], [6.884186746987951, 7.074134036144579, 6.851041666666667], [8.574107640825432, 8.472699386503066, 8.529489682097044]], "B,料理": [[8.556161454156642, 8.457631649291633, 8.509168671478214], [7.6772794954891825, 7.700359113602523, 7.604913725146711], [6.862800528401585, 7.057952443857332, 6.831334214002642]], "B,本菜": [[6.860427736450585, 7.056256641870351, 6.829264080765144], [7.673378330995792, 7.697922510518934, 7.601525245441795], [8.553949289791584, 8.454307712730651, 8.505933890880128]], "B,浙菜": [[6.860427736450585, 7.056256641870351, 6.829264080765144], [7.673378330995792, 7.697922510518934, 7.601525245441795], [8.553949289791584, 8.454307712730651, 8.505933890880128]], "B,海鲜": [[6.862800528401585, 7.057952443857332, 6.831334214002642], [8.556161454156642, 8.457631649291633, 8.509168671478216], [7.6772794954891825, 7.700359113602523, 7.604913725146711]], "B,湘菜": [[6.888917877997266, 7.07654367002112, 6.855100012423904], [8.577442023893184, 8.476303583977511, 8.532677442023894], [7.708332596196374, 7.727173816895179, 7.635329500221141]], "B,湾菜": [[6.888917877997266, 7.076543670021121, 6.855100012423905], [8.577442023893184, 8.476303583977511, 8.532677442023894], [7.708332596196374, 7.727173816895179, 7.635329500221141]], "B,火锅": [[6.889831558087689, 7.077792915531336, 6.8565023532325995], [7.7101327433628315, 7.728345132743363, 7.637017699115044], [8.578872445384073, 8.477420718816067, 8.533671599718112]], "B,烧烤": [[8.577442023893184, 8.476303583977511, 8.532677442023894], [6.889019997515836, 7.076698546764377, 6.855136007949324], [7.708404848270371, 7.727178625143767, 7.635441918074847]], "B,甜点": [[6.889831558087689, 7.077792915531336, 6.8565023532325995], [7.7101327433628315, 7.728345132743363, 7.637017699115044], [8.578872445384073, 8.477420718816067, 8.533671599718112]], "B,疆菜": [[8.554969357847055, 8.456301625366374, 8.507593924860112], [7.675655069669617, 7.699123652615897, 7.603347647007274], [6.861705508474576, 7.057203389830509, 6.830548199152543]], "B,粤菜": [[6.8608488063660475, 7.05713527851459, 6.8298010610079585], [8.553849216883462, 8.454234138571808, 8.505933103265198], [7.673944712593243, 7.697999122422115, 7.6019043440105305]], "B,素菜": [[7.675714035395129, 7.699325389872087, 7.603434378833012], [8.555231240837, 8.456297481007596, 8.507823537251767], [6.861705508474576, 7.057203389830509, 6.830548199152543]], "B,美食": [[6.888917877997266, 7.07654367002112, 6.855100012423904], [7.708332596196374, 7.727173816895179, 7.635329500221141], [8.577442023893184, 8.476303583977511, 8.532677442023894]], "B,蟹宴": [[7.676005961251863, 7.699386341719997, 7.603743315508021], [8.555231240837, 8.456297481007596, 8.507823537251767], [6.862018785553644, 7.057706045773251, 6.830797724566742]], "B,西菜": [[8.578872445384073, 8.477420718816067, 8.533671599718112], [6.889831558087689, 7.077792915531336, 6.8565023532325995], [7.7101327433628315, 7.728345132743363, 7.637017699115044]], "B,西餐": [[7.6772794954891825, 7.700359113602523, 7.604913725146711], [8.556161454156642, 8.457631649291633, 8.509168671478214], [6.862800528401585, 7.057952443857332, 6.831334214002642]], "B,龙虾": [[7.708404848270371, 7.727178625143767, 7.635441918074847], [6.889019997515836, 7.076698546764377, 6.855136007949324], [8.577442023893184, 8.476303583977511, 8.532677442023894]], "C,亚菜": [[6.889831558087689, 7.077792915531336, 6.8565023532325995], [8.578872445384073, 8.477420718816067, 8.533671599718112], [7.7101327433628315, 7.728345132743363, 7.637017699115044]], "C,助餐": [[7.7101327433628315, 7.728345132743363, 7.637017699115044], [6.889831558087689, 7.077792915531336, 6.8565023532325995], [8.578872445384073, 8.477420718816067, 8.533671599718112]], "C,北菜": [[7.708332596196374, 7.727173816895179, 7.635329500221141], [6.888917877997266, 7.076543670021121, 6.855100012423904], [8.577442023893184, 8.476303583977511, 8.532677442023894]], "C,南菜": [[8.555886278697278, 8.456927389215162, 8.508422317138281], [6.862663495838287, 7.057933676839742, 6.8313515655965125], [7.6767093267882185, 7.700113955119215, 7.60453190743338]], "C,啡厅": [[7.673378330995792, 7.697922510518934, 7.601525245441795], [8.553949289791584, 8.454307712730651, 8.505933890880128], [6.860427736450585, 7.056256641870351, 6.829264080765144]], "C,川菜": [[7.67692779530319, 7.7003505082369434, 7.604740623904662], [8.556110591692267, 8.457139041004407, 8.508828636302926], [6.862800528401585, 7.057952443857332, 6.831334214002642]], "C,州菜": [[7.6772794954891825, 7.700359113602523, 7.604913725146711], [8.556161454156642, 8.457631649291633, 8.509168671478216], [6.862800528401585, 7.0579524438573324, 6.831334214002642]], "C,常菜": [[8.553949289791584, 8.454307712730651, 8.505933890880128], [7.673378330995792, 7.697922510518934, 7.601525245441795], [6.860427736450585, 7.056256641870351, 6.829264080765144]], "C,快餐": [[6.862800528401585, 7.057952443857332, 6.831334214002642], [8.556161454156642, 8.457631649291633, 8.509168671478216], [7.6772794954891825, 7.700359113602523, 7.604913725146711]], "C,料理": [[8.577442023893184, 8.476303583977511, 8.532677442023894], [6.888917877997266, 7.07654367002112, 6.855100012423905], [7.708332596196374, 7.727173816895179, 7.635329500221141]], "C,本菜": [[7.708332596196374, 7.727173816895179, 7.635329500221141], [6.888917877997266, 7.07654367002112, 6.855100012423904], [8.577442023893184, 8.476303583977511, 8.532677442023894]], "C,浙菜": [[8.579176653038207, 8.477386155364444, 8.533737487663895], [7.710095558308264, 7.728499380640595, 7.637135020350381], [6.889831558087689, 7.077792915531336, 6.8565023532325995]], "C,海鲜": [[7.708078660643104, 7.726955443351936, 7.635069536717158], [6.889173081698535, 7.076707226222995, 6.855376210578595], [8.576789222565255, 8.475764804939658, 8.531939376929554]], "C,湘菜": [[8.577442023893184, 8.476303583977511, 8.532677442023894], [6.888917877997266, 7.07654367002112, 6.855100012423905], [7.708332596196374, 7.727173816895179, 7.635329500221141]], "C,湾菜": [[7.7101327433628315, 7.728345132743363, 7.637017699115044], [6.889831558087689, 7.077792915531336, 6.8565023532325995], [8.578872445384073, 8.477420718816068, 8.533671599718112]], "C,火锅": [[7.708332596196374, 7.727173816895179, 7.635329500221141], [6.888917877997266, 7.07654367002112, 6.855100012423905], [8.577442023893184, 8.476303583977511, 8.532677442023894]], "C,烧烤": [[8.555886278697278, 8.456927389215162, 8.508422317138281], [7.6767093267882185, 7.700113955119215, 7.60453190743338], [6.862663495838287, 7.057933676839742, 6.8313515655965125]], "C,甜点": [[6.862800528401585, 7.057952443857332, 6.831334214002642], [8.556161454156642, 8.457631649291633, 8.509168671478216], [7.6772794954891825, 7.700359113602523, 7.604913725146711]], "C,疆菜": [[8.577442023893184, 8.476303583977511, 8.532677442023894], [6.888917877997266, 7.07654367002112, 6.855100012423905], [7.708332596196374, 7.727173816895179, 7.635329500221141]], "C,粤菜": [[7.6772794954891825, 7.700359113602523, 7.604913725146711], [8.556161454156642, 8.457631649291633, 8.509168671478214], [6.862800528401585, 7.057952443857332, 6.831334214002642]], "C,素菜": [[7.6767093267882185, 7.700113955119215, 7.60453190743338], [8.555886278697278, 8.456927389215162, 8.508422317138281], [6.862663495838287, 7.057933676839742, 6.8313515655965125]], "C,美食": [[6.868359375, 7.063385416666667, 6.836614583333334], [8.558961248654468, 8.460145317545749, 8.5123654467169], [7.6834463326582725, 7.70459628422999, 7.61072466320331]], "C,蟹宴": [[8.553949289791584, 8.454307712730651, 8.505933890880128], [7.673378330995792, 7.697922510518934, 7.601525245441795], [6.860427736450585, 7.056256641870351, 6.829264080765144]], "C,西菜": [[6.863722646981281, 7.058700237279199, 6.83201950962299], [8.556563629064632, 8.458075739328248, 8.509848788973638], [7.6782383873794915, 7.701069237510955, 7.605810692375109]], "C,西餐": [[7.673378330995792, 7.697922510518934, 7.601525245441795], [8.553949289791584, 8.454307712730651, 8.505933890880128], [6.860427736450585, 7.056256641870351, 6.829264080765144]], "C,面馆": [[8.578594564145895, 8.47689057879172, 8.533389663427686], [6.889727385377943, 7.0775340768277575, 6.856282527881041], [7.709630023012923, 7.7282350858559035, 7.636599398123562]], "C,龙虾": [[8.555231240837, 8.456297481007596, 8.507823537251767], [7.675714035395129, 7.699325389872087, 7.603434378833012], [6.861705508474576, 7.057203389830509, 6.830548199152543]], "D,亚菜": [[6.889831558087689, 7.077792915531336, 6.8565023532325995], [7.710095558308264, 7.728499380640595, 7.637135020350381], [8.579176653038207, 8.477386155364444, 8.533737487663894]], "D,助餐": [[6.860427736450585, 7.056256641870351, 6.829264080765144], [8.553949289791584, 8.454307712730651, 8.505933890880128], [7.673378330995792, 7.697922510518934, 7.601525245441795]], "D,北菜": [[6.860427736450585, 7.056256641870351, 6.829264080765144], [7.673378330995792, 7.697922510518934, 7.601525245441795], [8.553949289791584, 8.454307712730651, 8.505933890880128]], "D,南菜": [[7.708404848270371, 7.727178625143767, 7.635441918074847], [6.889019997515836, 7.076698546764377, 6.855136007949324], [8.577442023893184, 8.476303583977511, 8.532677442023894]], "D,啡厅": [[7.708404848270371, 7.727178625143767, 7.635441918074847], [6.889019997515836, 7.076698546764377, 6.855136007949324], [8.577442023893184, 8.476303583977511, 8.532677442023894]], "D,川菜": [[8.570808569454043, 8.468887353144437, 8.525501036627507], [7.695613343840294, 7.715672883285176, 7.622607477453813], [6.875553564571867, 7.069064379879688, 6.842992448483297]], "D,州菜": [[7.708332596196374, 7.727173816895179, 7.635329500221141], [6.888917877997266, 7.07654367002112, 6.855100012423904], [8.577442023893184, 8.476303583977511, 8.532677442023894]], "D,快餐": [[6.889019997515836, 7.076698546764377, 6.855136007949324], [7.708404848270371, 7.727178625143767, 7.635441918074847], [8.577442023893184, 8.476303583977511, 8.532677442023894]], "D,料理": [[8.577442023893184, 8.476303583977511, 8.532677442023894], [6.889019997515836, 7.076698546764377, 6.855136007949324], [7.708404848270371, 7.727178625143767, 7.635441918074847]], "D,本菜": [[6.888917877997266, 7.07654367002112, 6.855100012423904], [8.577442023893184, 8.476303583977511, 8.532677442023894], [7.708332596196374, 7.727173816895179, 7.635329500221141]], "D,浙菜": [[7.673378330995792, 7.697922510518934, 7.601525245441795], [8.553949289791584, 8.454307712730651, 8.505933890880128], [6.860427736450585, 7.056256641870351, 6.829264080765144]], "D,海鲜": [[6.889831558087689, 7.077792915531336, 6.8565023532325995], [7.710095558308264, 7.728499380640595, 7.637135020350381], [8.579176653038207, 8.477386155364444, 8.533737487663895]], "D,湘菜": [[7.676423120778879, 7.699894746074905, 7.604262783966319], [6.862663495838287, 7.057933676839742, 6.8313515655965125], [8.555500733431124, 8.45655420722763, 8.507987731697561]], "D,湾菜": [[6.889831558087689, 7.077792915531336, 6.8565023532325995], [7.710095558308264, 7.728499380640595, 7.637135020350381], [8.579176653038207, 8.477386155364444, 8.533737487663895]], "D,火锅": [[6.862800528401586, 7.057952443857332, 6.831334214002642], [8.556161454156642, 8.457631649291633, 8.509168671478216], [7.6772794954891825, 7.700359113602523, 7.604913725146711]], "D,烧烤": [[7.673378330995792, 7.697922510518934, 7.601525245441795], [8.553949289791584, 8.454307712730651, 8.505933890880128], [6.860427736450585, 7.056256641870351, 6.829264080765144]], "D,甜点": [[7.710095558308264, 7.728499380640595, 7.637135020350381], [8.579176653038207, 8.477386155364444, 8.533737487663895], [6.889831558087689, 7.077792915531336, 6.8565023532325995]], "D,疆菜": [[6.889831558087689, 7.077792915531336, 6.8565023532325995], [7.7101327433628315, 7.728345132743363, 7.637017699115044], [8.578872445384073, 8.477420718816067, 8.533671599718112]], "D,粤菜": [[8.556161454156642, 8.457631649291633, 8.509168671478214], [7.6772794954891825, 7.700359113602523, 7.604913725146711], [6.862800528401585, 7.057952443857332, 6.831334214002642]], "D,素菜": [[8.553949289791584, 8.454307712730651, 8.505933890880128], [6.860427736450585, 7.056256641870351, 6.829264080765144], [7.673378330995792, 7.697922510518934, 7.601525245441795]], "D,美食": [[8.556161454156642, 8.457631649291633, 8.509168671478216], [6.862800528401585, 7.057952443857332, 6.831334214002642], [7.6772794954891825, 7.700359113602523, 7.604913725146711]], "D,蟹宴": [[7.710095558308264, 7.728499380640595, 7.637135020350381], [6.889831558087689, 7.077792915531336, 6.8565023532325995], [8.579176653038207, 8.477386155364444, 8.533737487663894]], "D,西菜": [[6.860419710452915, 7.056395271616417, 6.829300039845929], [8.554072007439883, 8.45482928125415, 8.506337186129933], [7.67383685271182, 7.697940944536931, 7.601778673442565]], "D,西餐": [[7.709532230966487, 7.728216464762578, 7.636669908922097], [8.579143179255919, 8.477099774520857, 8.533511837655018], [6.8893105158730155, 7.077356150793651, 6.856051587301588]], "D,面馆": [[7.7082847038019455, 7.726940760389036, 7.635092838196287], [6.88847588264545, 7.076466931874689, 6.854947787170563], [8.577442023893184, 8.476303583977511, 8.532677442023894]], "D,龙虾": [[7.6767093267882185, 7.700113955119215, 7.60453190743338], [8.555886278697278, 8.456927389215162, 8.508422317138281], [6.862663495838287, 7.057933676839742, 6.8313515655965125]], "E,亚菜": [[8.556161454156642, 8.457631649291633, 8.509168671478216], [6.862800528401586, 7.057952443857332, 6.831334214002642], [7.6772794954891825, 7.700359113602523, 7.604913725146711]], "E,助餐": [[7.679667977282656, 7.702341633901267, 7.607217125382263], [8.558666128815382, 8.459876294204651, 8.512074761328494], [6.863780150257019, 7.058692500329512, 6.832107552392251]], "E,北菜": [[7.673378330995792, 7.697922510518934, 7.601525245441795], [8.553949289791584, 8.454307712730651, 8.505933890880128], [6.860427736450585, 7.056256641870351, 6.829264080765144]], "E,南菜": [[6.889019997515836, 7.076698546764377, 6.855136007949324], [8.577442023893184, 8.476303583977511, 8.532677442023894], [7.708404848270371, 7.727178625143767, 7.635441918074847]], "E,啡厅": [[8.577442023893184, 8.476303583977511, 8.532677442023894], [6.888917877997266, 7.076543670021121, 6.855100012423905], [7.708332596196374, 7.727173816895179, 7.635329500221141]], "E,川菜": [[7.673378330995792, 7.697922510518934, 7.601525245441795], [8.553949289791584, 8.454307712730651, 8.505933890880128], [6.860427736450585, 7.056256641870351, 6.829264080765144]], "E,州菜": [[8.577442023893184, 8.476303583977511, 8.532677442023894], [6.888917877997266, 7.07654367002112, 6.855100012423904], [7.708332596196374, 7.727173816895179, 7.635329500221141]], "E,常菜": [[6.862800528401586, 7.057952443857332, 6.831334214002642], [8.556161454156642, 8.457631649291633, 8.509168671478216], [7.6772794954891825, 7.700359113602523, 7.604913725146711]], "E,快餐": [[7.6772794954891825, 7.700359113602523, 7.604913725146711], [8.556161454156642, 8.457631649291633, 8.509168671478216], [6.862800528401585, 7.057952443857332, 6.831334214002642]], "E,料理": [[7.683708307800052, 7.7056114855992295, 7.611441827891097], [6.867298144760909, 7.062072119153385, 6.835131957146591], [8.561525974025974, 8.46176948051948, 8.514948593073594]], "E,本菜": [[7.7101327433628315, 7.728345132743363, 7.637017699115044], [6.889831558087689, 7.077792915531336, 6.8565023532325995], [8.578872445384073, 8.477420718816067, 8.533671599718112]], "E,浙菜": [[8.555886278697278, 8.456927389215162, 8.508422317138281], [6.862663495838287, 7.057933676839742, 6.8313515655965125], [7.6767093267882185, 7.700113955119215, 7.60453190743338]], "E,海鲜": [[8.579176653038207, 8.477386155364444, 8.533737487663895], [6.889831558087689, 7.077792915531336, 6.8565023532325995], [7.710095558308264, 7.728499380640595, 7.637135020350381]], "E,湘菜": [[7.7101327433628315, 7.728345132743363, 7.637017699115044], [6.889831558087689, 7.077792915531336, 6.8565023532325995], [8.578872445384073, 8.477420718816067, 8.533671599718112]], "E,湾菜": [[6.889019997515836, 7.076698546764377, 6.855136007949324], [7.708404848270371, 7.727178625143767, 7.635441918074847], [8.577442023893184, 8.476303583977511, 8.532677442023894]], "E,火锅": [[7.708404848270371, 7.727178625143767, 7.635441918074847], [6.889019997515836, 7.076698546764377, 6.855136007949324], [8.577442023893184, 8.476303583977511, 8.532677442023894]], "E,烧烤": [[7.6772794954891825, 7.700359113602523, 7.604913725146711], [8.556161454156642, 8.457631649291633, 8.509168671478216], [6.862800528401585, 7.057952443857332, 6.831334214002642]], "E,甜点": [[6.888917877997266, 7.07654367002112, 6.855100012423904], [8.577442023893184, 8.476303583977511, 8.532677442023893], [7.708332596196374, 7.727173816895179, 7.635329500221141]], "E,疆菜": [[7.710095558308264, 7.728499380640595, 7.637135020350381], [6.889831558087689, 7.077792915531336, 6.8565023532325995], [8.579176653038207, 8.477386155364444, 8.533737487663895]], "E,粤菜": [[7.7101327433628315, 7.728345132743363, 7.637017699115044], [6.889831558087689, 7.077792915531336, 6.8565023532325995], [8.578872445384073, 8.477420718816068, 8.533671599718112]], "E,素菜": [[7.6772794954891825, 7.700359113602523, 7.604913725146711], [8.556161454156642, 8.457631649291633, 8.509168671478216], [6.862800528401585, 7.057952443857332, 6.831334214002642]], "E,美食": [[6.861705508474576, 7.057203389830509, 6.830548199152543], [8.555231240836997, 8.456297481007596, 8.507823537251767], [7.675714035395129, 7.699325389872087, 7.603434378833012]], "E,蟹宴": [[7.708332596196374, 7.727173816895179, 7.635329500221141], [6.888917877997266, 7.07654367002112, 6.855100012423905], [8.577442023893184, 8.476303583977511, 8.532677442023894]], "E,西菜": [[6.889831558087689, 7.077792915531336, 6.8565023532325995], [8.578872445384073, 8.477420718816067, 8.533671599718112], [7.7101327433628315, 7.728345132743363, 7.637017699115044]], "E,西餐": [[7.708332596196374, 7.727173816895179, 7.635329500221141], [6.888917877997266, 7.07654367002112, 6.855100012423904], [8.577442023893184, 8.476303583977511, 8.532677442023894]], "E,面馆": [[8.559673942333603, 8.460428455941795, 8.513042306655889], [7.683748350197976, 7.705200175978883, 7.611165860096788], [6.868575891694871, 7.063368914345223, 6.8366831554282745]], "E,龙虾": [[6.860419710452915, 7.056395271616417, 6.829300039845929], [8.554072007439883, 8.45482928125415, 8.506337186129933], [7.67383685271182, 7.697940944536931, 7.601778673442565]], "F,亚菜": [[7.679140782220666, 7.701819931752559, 7.606885991775308], [8.557898268688767, 8.459280633472018, 8.511072339283318], [6.863921465278692, 7.0588351561470555, 6.832125444722625]], "F,助餐": [[7.6767093267882185, 7.700113955119215, 7.60453190743338], [8.555886278697278, 8.456927389215162, 8.508422317138281], [6.862663495838287, 7.057933676839742, 6.8313515655965125]], "F,北菜": [[7.710095558308264, 7.728499380640595, 7.637135020350381], [6.889831558087689, 7.077792915531336, 6.8565023532325995], [8.579176653038207, 8.477386155364444, 8.533737487663895]], "F,南菜": [[7.673378330995792, 7.697922510518934, 7.601525245441795], [8.553949289791584, 8.454307712730651, 8.505933890880128], [6.860427736450585, 7.056256641870351, 6.829264080765144]], "F,啡厅": [[8.579176653038207, 8.477386155364444, 8.533737487663894], [6.889831558087689, 7.077792915531336, 6.8565023532325995], [7.710095558308264, 7.728499380640595, 7.637135020350381]], "F,川菜": [[6.862663495838287, 7.057933676839742, 6.8313515655965125], [8.555886278697278, 8.456927389215162, 8.508422317138281], [7.6767093267882185, 7.700113955119215, 7.60453190743338]], "F,常菜": [[6.889831558087689, 7.077792915531336, 6.8565023532325995], [8.578872445384073, 8.477420718816067, 8.533671599718112], [7.7101327433628315, 7.728345132743363, 7.637017699115044]], "F,快餐": [[8.558425154528353, 8.459768879333511, 8.511596345068531], [6.867298144760909, 7.062072119153385, 6.83513195714659], [7.681878132418887, 7.7035962367009585, 7.609663237492306]], "F,料理": [[7.708332596196374, 7.727173816895179, 7.635329500221141], [8.577442023893184, 8.476303583977511, 8.532677442023894], [6.888917877997266, 7.07654367002112, 6.855100012423904]], "F,本菜": [[8.579176653038207, 8.477386155364444, 8.533737487663895], [6.889831558087689, 7.077792915531336, 6.8565023532325995], [7.710095558308264, 7.728499380640595, 7.637135020350381]], "F,浙菜": [[8.577442023893184, 8.476303583977511, 8.532677442023894], [6.888917877997266, 7.07654367002112, 6.855100012423905], [7.708332596196374, 7.727173816895179, 7.635329500221141]], "F,海鲜": [[7.6772794954891825, 7.700359113602523, 7.604913725146711], [8.556161454156642, 8.457631649291633, 8.509168671478216], [6.862800528401585, 7.057952443857332, 6.831334214002642]], "F,湘菜": [[8.553949289791584, 8.454307712730651, 8.505933890880128], [7.673378330995792, 7.697922510518934, 7.601525245441795], [6.860427736450585, 7.056256641870351, 6.829264080765144]], "F,湾菜": [[7.6767093267882185, 7.700113955119215, 7.60453190743338], [8.555886278697278, 8.456927389215162, 8.508422317138281], [6.862663495838287, 7.057933676839742, 6.8313515655965125]], "F,火锅": [[7.673378330995792, 7.697922510518934, 7.601525245441795], [6.860427736450585, 7.056256641870351, 6.829264080765144], [8.553949289791584, 8.454307712730651, 8.505933890880128]], "F,烧烤": [[7.70870644560688, 7.72706800248249, 7.635277950172887], [6.8893105158730155, 7.077356150793651, 6.856051587301588], [8.576789222565253, 8.475764804939658, 8.531939376929554]], "F,甜点": [[8.555886278697278, 8.456927389215162, 8.508422317138281], [6.862663495838287, 7.057933676839742, 6.8313515655965125], [7.6767093267882185, 7.700113955119215, 7.60453190743338]], "F,疆菜": [[8.577442023893184, 8.476303583977511, 8.532677442023894], [6.888917877997266, 7.07654367002112, 6.855100012423904], [7.708332596196374, 7.727173816895179, 7.635329500221141]], "F,粤菜": [[8.553949289791584, 8.454307712730651, 8.505933890880128], [6.860427736450585, 7.056256641870351, 6.829264080765144], [7.673378330995792, 7.697922510518934, 7.601525245441795]], "F,素菜": [[8.555500733431124, 8.45655420722763, 8.507987731697561], [7.676423120778879, 7.699894746074905, 7.604262783966319], [6.862663495838287, 7.057933676839741, 6.8313515655965125]], "F,美食": [[6.889019997515836, 7.076698546764377, 6.855136007949324], [7.708404848270371, 7.727178625143767, 7.635441918074847], [8.577442023893184, 8.476303583977511, 8.532677442023894]], "F,西餐": [[8.577442023893184, 8.476303583977513, 8.532677442023894], [6.889019997515836, 7.076698546764377, 6.855136007949324], [7.708404848270371, 7.727178625143767, 7.635441918074847]], "F,面馆": [[6.861984126984127, 7.0578306878306885, 6.830873015873016], [7.676696733514318, 7.699675978632104, 7.604273579122515], [8.55584779706275, 8.45712950600801, 8.508611481975969]], "F,龙虾": [[7.710095558308264, 7.728499380640595, 7.637135020350381], [6.889831558087689, 7.077792915531336, 6.8565023532325995], [8.579176653038207, 8.477386155364444, 8.533737487663894]], "G,亚菜": [[6.889831558087689, 7.077792915531336, 6.8565023532325995], [7.710095558308264, 7.728499380640595, 7.637135020350381], [8.579176653038207, 8.477386155364444, 8.533737487663895]], "G,助餐": [[7.708404848270371, 7.727178625143767, 7.635441918074847], [6.889019997515836, 7.076698546764377, 6.855136007949324], [8.577442023893184, 8.476303583977511, 8.532677442023894]], "G,北菜": [[8.579176653038207, 8.477386155364444, 8.533737487663895], [6.889831558087689, 7.077792915531336, 6.8565023532325995], [7.710095558308264, 7.728499380640595, 7.637135020350381]], "G,南菜": [[8.553949289791584, 8.454307712730651, 8.505933890880128], [6.860427736450585, 7.056256641870351, 6.829264080765144], [7.673378330995792, 7.697922510518934, 7.601525245441795]], "G,啡厅": [[7.673378330995792, 7.697922510518934, 7.601525245441795], [8.553949289791584, 8.454307712730651, 8.505933890880128], [6.860427736450585, 7.056256641870351, 6.829264080765144]], "G,川菜": [[8.579176653038207, 8.477386155364444, 8.533737487663895], [7.710095558308264, 7.728499380640595, 7.637135020350381], [6.889831558087689, 7.077792915531336, 6.8565023532325995]], "G,州菜": [[7.6772794954891825, 7.700359113602523, 7.604913725146711], [8.556161454156642, 8.457631649291633, 8.509168671478216], [6.862800528401585, 7.057952443857332, 6.831334214002642]], "G,常菜": [[8.553949289791584, 8.454307712730651, 8.505933890880128], [6.860427736450585, 7.056256641870351, 6.829264080765144], [7.673378330995792, 7.697922510518934, 7.601525245441795]], "G,快餐": [[6.88524220803605, 7.074677681812492, 6.852346977093505], [8.57281067556297, 8.471198220739504, 8.528370864609398], [7.70344674818359, 7.723046251993621, 7.629594187488924]], "G,料理": [[7.6767093267882185, 7.700113955119215, 7.60453190743338], [8.555886278697278, 8.456927389215162, 8.508422317138281], [6.862663495838287, 7.057933676839742, 6.8313515655965125]], "G,本菜": [[6.888917877997266, 7.076543670021121, 6.855100012423904], [8.577442023893184, 8.476303583977511, 8.532677442023894], [7.708332596196374, 7.727173816895179, 7.635329500221141]], "G,浙菜": [[7.673378330995792, 7.697922510518934, 7.601525245441795], [8.553949289791584, 8.454307712730651, 8.505933890880128], [6.860427736450585, 7.056256641870351, 6.829264080765144]], "G,海鲜": [[8.554552705037883, 8.45479197128805, 8.506539944171209], [6.861705508474576, 7.057203389830509, 6.830548199152543], [7.674618220115851, 7.6989906968579955, 7.602694400561699]], "G,湘菜": [[6.862800528401585, 7.057952443857332, 6.831334214002642], [8.556161454156642, 8.457631649291633, 8.509168671478216], [7.6772794954891825, 7.700359113602523, 7.604913725146711]], "G,湾菜": [[6.884186746987952, 7.074134036144579, 6.851041666666667], [7.704186866460996, 7.723102688408991, 7.630841780520053], [8.575027948574622, 8.473784237003912, 8.530338177752935]], "G,火锅": [[6.889173081698535, 7.076707226222995, 6.855376210578595], [8.577442023893184, 8.476303583977511, 8.532677442023894], [7.708513274336283, 7.727345132743363, 7.6354778761061946]], "G,烧烤": [[8.579176653038207, 8.477386155364444, 8.533737487663895], [6.889831558087689, 7.077792915531336, 6.8565023532325995], [7.710095558308264, 7.728499380640595, 7.637135020350381]], "G,甜点": [[7.6772794954891825, 7.700359113602523, 7.604913725146711], [8.556161454156642, 8.457631649291633, 8.509168671478216], [6.862800528401585, 7.057952443857332, 6.831334214002642]], "G,疆菜": [[7.6767093267882185, 7.700113955119215, 7.60453190743338], [8.555886278697278, 8.456927389215162, 8.508422317138281], [6.862663495838287, 7.057933676839742, 6.8313515655965125]], "G,粤菜": [[7.7101327433628315, 7.728345132743363, 7.637017699115044], [6.889831558087689, 7.077792915531336, 6.8565023532325995], [8.578872445384073, 8.477420718816067, 8.533671599718112]], "G,素菜": [[8.556161454156642, 8.457631649291633, 8.509168671478216], [6.862800528401586, 7.057952443857332, 6.831334214002642], [7.6772794954891825, 7.700359113602523, 7.604913725146711]], "G,美食": [[7.707284650833038, 7.726222970577809, 7.633933002481389], [6.88847588264545, 7.076466931874689, 6.854947787170563], [8.575857723007982, 8.474709424450356, 8.531242122951967]], "G,蟹宴": [[8.577442023893184, 8.476303583977511, 8.532677442023894], [6.889019997515836, 7.076698546764377, 6.855136007949324], [7.708404848270371, 7.727178625143767, 7.635441918074847]], "G,西菜": [[6.889831558087689, 7.077792915531336, 6.8565023532325995], [7.710095558308264, 7.728499380640595, 7.637135020350381], [8.579176653038207, 8.477386155364444, 8.533737487663895]], "G,西餐": [[8.579176653038207, 8.477386155364444, 8.533737487663895], [6.889831558087689, 7.077792915531336, 6.8565023532325995], [7.710095558308264, 7.728499380640595, 7.637135020350381]], "G,面馆": [[7.698670398880336, 7.71787088873338, 7.625069979006298], [8.572932017238982, 8.471249826219935, 8.52837480884193], [6.877078021417644, 7.070283018867925, 6.844683834778175]], "G,龙虾": [[6.889831558087689, 7.077792915531336, 6.8565023532325995], [8.578872445384073, 8.477420718816067, 8.533671599718112], [7.7101327433628315, 7.728345132743363, 7.637017699115044]], "H,亚菜": [[6.862663495838287, 7.057933676839742, 6.8313515655965125], [8.555500733431124, 8.45655420722763, 8.507987731697561], [7.676423120778879, 7.699894746074905, 7.604262783966319]], "H,助餐": [[6.889727385377943, 7.0775340768277575, 6.856282527881041], [8.578594564145895, 8.47689057879172, 8.533389663427686], [7.709630023012923, 7.7282350858559035, 7.636599398123562]], "H,北菜": [[7.708332596196374, 7.727173816895179, 7.635329500221141], [6.888917877997266, 7.07654367002112, 6.855100012423905], [8.577442023893184, 8.476303583977511, 8.532677442023894]], "H,南菜": [[7.710095558308264, 7.728499380640595, 7.637135020350381], [8.579176653038207, 8.477386155364444, 8.533737487663894], [6.889831558087689, 7.077792915531336, 6.8565023532325995]], "H,啡厅": [[6.889019997515836, 7.076698546764377, 6.855136007949324], [7.708404848270371, 7.727178625143767, 7.635441918074847], [8.577442023893184, 8.476303583977511, 8.532677442023894]], "H,川菜": [[7.708404848270371, 7.727178625143767, 7.635441918074847], [6.889019997515836, 7.076698546764377, 6.855136007949324], [8.577442023893184, 8.476303583977511, 8.532677442023894]], "H,州菜": [[6.860427736450585, 7.056256641870351, 6.829264080765144], [8.553949289791584, 8.454307712730651, 8.505933890880128], [7.673378330995792, 7.697922510518934, 7.601525245441795]], "H,常菜": [[8.573971838840095, 8.472563780844835, 8.52956921790046], [7.702765545182315, 7.721939404615114, 7.628967764664435], [6.8826240241752705, 7.073167967766306, 6.849937043565853]], "H,快餐": [[7.6772794954891825, 7.700359113602523, 7.604913725146711], [8.556161454156642, 8.457631649291633, 8.509168671478216], [6.862800528401585, 7.057952443857332, 6.831334214002642]], "H,料理": [[6.889831558087689, 7.077792915531336, 6.8565023532325995], [8.579176653038207, 8.477386155364444, 8.533737487663895], [7.710095558308264, 7.728499380640595, 7.637135020350381]], "H,本菜": [[6.862018785553644, 7.057706045773251, 6.830797724566742], [8.555231240837, 8.456297481007596, 8.507823537251767], [7.676005961251863, 7.699386341719997, 7.603743315508021]], "H,浙菜": [[7.673378330995792, 7.697922510518934, 7.601525245441795], [8.553949289791584, 8.454307712730651, 8.505933890880128], [6.860427736450585, 7.056256641870351, 6.829264080765144]], "H,海鲜": [[8.579176653038207, 8.477386155364444, 8.533737487663895], [6.889831558087689, 7.077792915531336, 6.8565023532325995], [7.710095558308264, 7.728499380640595, 7.637135020350381]], "H,湘菜": [[7.708404848270371, 7.727178625143767, 7.635441918074847], [6.889019997515836, 7.076698546764377, 6.855136007949324], [8.577442023893184, 8.476303583977513, 8.532677442023894]], "H,湾菜": [[8.553949289791584, 8.454307712730651, 8.505933890880128], [7.673378330995792, 7.697922510518934, 7.601525245441795], [6.860427736450585, 7.056256641870351, 6.829264080765144]], "H,火锅": [[6.860427736450585, 7.056256641870351, 6.829264080765144], [8.553949289791584, 8.454307712730651, 8.505933890880128], [7.673378330995792, 7.697922510518934, 7.601525245441795]], "H,烧烤": [[7.6772794954891825, 7.700359113602523, 7.604913725146711], [8.556161454156642, 8.457631649291633, 8.509168671478216], [6.862800528401585, 7.057952443857332, 6.831334214002642]], "H,甜点": [[8.577442023893184, 8.476303583977511, 8.532677442023894], [6.889019997515836, 7.076698546764377, 6.855136007949324], [7.708404848270371, 7.727178625143767, 7.635441918074847]], "H,疆菜": [[7.710095558308264, 7.728499380640595, 7.637135020350381], [6.889831558087689, 7.077792915531336, 6.8565023532325995], [8.579176653038207, 8.477386155364444, 8.533737487663894]], "H,粤菜": [[8.572129783693844, 8.47002218524681, 8.527052135330006], [6.8826240241752705, 7.073167967766306, 6.849937043565853], [7.700936809544852, 7.720972160848431, 7.6274679628811315]], "H,素菜": [[8.553949289791584, 8.454307712730651, 8.505933890880128], [7.673378330995792, 7.697922510518934, 7.601525245441795], [6.860427736450585, 7.056256641870351, 6.829264080765144]], "H,美食": [[6.862800528401585, 7.057952443857332, 6.831334214002642], [8.556161454156642, 8.457631649291633, 8.509168671478214], [7.6772794954891825, 7.700359113602523, 7.604913725146711]], "H,蟹宴": [[7.710095558308264, 7.728499380640595, 7.637135020350381], [6.889831558087689, 7.077792915531336, 6.8565023532325995], [8.579176653038207, 8.477386155364444, 8.533737487663894]], "H,西菜": [[7.6772794954891825, 7.700359113602523, 7.604913725146711], [8.556161454156642, 8.457631649291633, 8.509168671478216], [6.862800528401585, 7.057952443857332, 6.831334214002642]], "H,西餐": [[7.708332596196374, 7.727173816895179, 7.635329500221141], [6.888917877997266, 7.076543670021121, 6.855100012423904], [8.577442023893184, 8.476303583977511, 8.532677442023894]], "H,面馆": [[8.556161454156642, 8.457631649291633, 8.509168671478216], [7.6772794954891825, 7.700359113602523, 7.604913725146711], [6.862800528401586, 7.057952443857332, 6.831334214002642]], "H,龙虾": [[6.860427736450585, 7.056256641870351, 6.829264080765144], [8.553949289791584, 8.454307712730651, 8.505933890880128], [7.673378330995792, 7.697922510518934, 7.601525245441795]], "I,亚菜": [[7.673378330995792, 7.697922510518934, 7.601525245441795], [8.553949289791584, 8.454307712730651, 8.505933890880128], [6.860427736450585, 7.056256641870351, 6.829264080765144]], "I,助餐": [[6.888917877997266, 7.076543670021121, 6.855100012423904], [7.708332596196374, 7.727173816895179, 7.635329500221141], [8.577442023893184, 8.476303583977511, 8.532677442023894]], "I,北菜": [[8.577442023893184, 8.476303583977511, 8.532677442023894], [6.889019997515836, 7.076698546764377, 6.855