{
 "cells": [
  {
   "cell_type": "code",
   "execution_count": 1,
   "metadata": {},
   "outputs": [
    {
     "data": {
      "text/html": [
       "<div>\n",
       "<style scoped>\n",
       "    .dataframe tbody tr th:only-of-type {\n",
       "        vertical-align: middle;\n",
       "    }\n",
       "\n",
       "    .dataframe tbody tr th {\n",
       "        vertical-align: top;\n",
       "    }\n",
       "\n",
       "    .dataframe thead th {\n",
       "        text-align: right;\n",
       "    }\n",
       "</style>\n",
       "<table border=\"1\" class=\"dataframe\">\n",
       "  <thead>\n",
       "    <tr style=\"text-align: right;\">\n",
       "      <th></th>\n",
       "      <th>Unnamed: 0</th>\n",
       "      <th>类别</th>\n",
       "      <th>行政区</th>\n",
       "      <th>点评数</th>\n",
       "      <th>口味</th>\n",
       "      <th>环境</th>\n",
       "      <th>服务</th>\n",
       "      <th>人均消费</th>\n",
       "    </tr>\n",
       "  </thead>\n",
       "  <tbody>\n",
       "    <tr>\n",
       "      <th>0</th>\n",
       "      <td>0</td>\n",
       "      <td>烧烤</td>\n",
       "      <td>K</td>\n",
       "      <td>176.0</td>\n",
       "      <td>8.0</td>\n",
       "      <td>8.6</td>\n",
       "      <td>7.9</td>\n",
       "      <td>124.0</td>\n",
       "    </tr>\n",
       "    <tr>\n",
       "      <th>1</th>\n",
       "      <td>2</td>\n",
       "      <td>粤菜</td>\n",
       "      <td>K</td>\n",
       "      <td>141.0</td>\n",
       "      <td>6.7</td>\n",
       "      <td>7.2</td>\n",
       "      <td>6.6</td>\n",
       "      <td>141.0</td>\n",
       "    </tr>\n",
       "    <tr>\n",
       "      <th>2</th>\n",
       "      <td>3</td>\n",
       "      <td>海鲜</td>\n",
       "      <td>K</td>\n",
       "      <td>76.0</td>\n",
       "      <td>7.2</td>\n",
       "      <td>7.2</td>\n",
       "      <td>7.3</td>\n",
       "      <td>148.0</td>\n",
       "    </tr>\n",
       "    <tr>\n",
       "      <th>3</th>\n",
       "      <td>4</td>\n",
       "      <td>烧烤</td>\n",
       "      <td>K</td>\n",
       "      <td>600.0</td>\n",
       "      <td>7.2</td>\n",
       "      <td>7.6</td>\n",
       "      <td>7.0</td>\n",
       "      <td>143.0</td>\n",
       "    </tr>\n",
       "    <tr>\n",
       "      <th>4</th>\n",
       "      <td>5</td>\n",
       "      <td>本菜</td>\n",
       "      <td>J</td>\n",
       "      <td>69.0</td>\n",
       "      <td>8.2</td>\n",
       "      <td>8.9</td>\n",
       "      <td>8.4</td>\n",
       "      <td>66.0</td>\n",
       "    </tr>\n",
       "    <tr>\n",
       "      <th>...</th>\n",
       "      <td>...</td>\n",
       "      <td>...</td>\n",
       "      <td>...</td>\n",
       "      <td>...</td>\n",
       "      <td>...</td>\n",
       "      <td>...</td>\n",
       "      <td>...</td>\n",
       "      <td>...</td>\n",
       "    </tr>\n",
       "    <tr>\n",
       "      <th>40557</th>\n",
       "      <td>96381</td>\n",
       "      <td>浙菜</td>\n",
       "      <td>N</td>\n",
       "      <td>169.0</td>\n",
       "      <td>7.7</td>\n",
       "      <td>7.0</td>\n",
       "      <td>7.4</td>\n",
       "      <td>76.0</td>\n",
       "    </tr>\n",
       "    <tr>\n",
       "      <th>40558</th>\n",
       "      <td>96386</td>\n",
       "      <td>浙菜</td>\n",
       "      <td>N</td>\n",
       "      <td>10.0</td>\n",
       "      <td>7.5</td>\n",
       "      <td>7.0</td>\n",
       "      <td>7.2</td>\n",
       "      <td>58.0</td>\n",
       "    </tr>\n",
       "    <tr>\n",
       "      <th>40559</th>\n",
       "      <td>96387</td>\n",
       "      <td>亚菜</td>\n",
       "      <td>K</td>\n",
       "      <td>216.0</td>\n",
       "      <td>7.0</td>\n",
       "      <td>7.1</td>\n",
       "      <td>7.1</td>\n",
       "      <td>49.0</td>\n",
       "    </tr>\n",
       "    <tr>\n",
       "      <th>40560</th>\n",
       "      <td>96388</td>\n",
       "      <td>甜点</td>\n",
       "      <td>A</td>\n",
       "      <td>218.0</td>\n",
       "      <td>8.2</td>\n",
       "      <td>7.9</td>\n",
       "      <td>8.1</td>\n",
       "      <td>33.0</td>\n",
       "    </tr>\n",
       "    <tr>\n",
       "      <th>40561</th>\n",
       "      <td>96395</td>\n",
       "      <td>料理</td>\n",
       "      <td>H</td>\n",
       "      <td>43.0</td>\n",
       "      <td>7.2</td>\n",
       "      <td>7.1</td>\n",
       "      <td>7.0</td>\n",
       "      <td>25.0</td>\n",
       "    </tr>\n",
       "  </tbody>\n",
       "</table>\n",
       "<p>40562 rows × 8 columns</p>\n",
       "</div>"
      ],
      "text/plain": [
       "       Unnamed: 0  类别 行政区    点评数   口味   环境   服务   人均消费\n",
       "0               0  烧烤   K  176.0  8.0  8.6  7.9  124.0\n",
       "1               2  粤菜   K  141.0  6.7  7.2  6.6  141.0\n",
       "2               3  海鲜   K   76.0  7.2  7.2  7.3  148.0\n",
       "3               4  烧烤   K  600.0  7.2  7.6  7.0  143.0\n",
       "4               5  本菜   J   69.0  8.2  8.9  8.4   66.0\n",
       "...           ...  ..  ..    ...  ...  ...  ...    ...\n",
       "40557       96381  浙菜   N  169.0  7.7  7.0  7.4   76.0\n",
       "40558       96386  浙菜   N   10.0  7.5  7.0  7.2   58.0\n",
       "40559       96387  亚菜   K  216.0  7.0  7.1  7.1   49.0\n",
       "40560       96388  甜点   A  218.0  8.2  7.9  8.1   33.0\n",
       "40561       96395  料理   H   43.0  7.2  7.1  7.0   25.0\n",
       "\n",
       "[40562 rows x 8 columns]"
      ]
     },
     "execution_count": 1,
     "metadata": {},
     "output_type": "execute_result"
    }
   ],
   "source": [
    "import pandas as pd\n",
    "food_df_clean = pd.read_csv(\"../dataset/food_preprocessed.csv\")\n",
    "food_df_clean"
   ]
  },
  {
   "cell_type": "code",
   "execution_count": 2,
   "metadata": {},
   "outputs": [
    {
     "name": "stderr",
     "output_type": "stream",
     "text": [
      "/opt/anaconda3/envs/KJ_data/lib/python3.11/site-packages/joblib/externals/loky/backend/context.py:136: UserWarning: Could not find the number of physical cores for the following reason:\n",
      "[Errno 2] No such file or directory: 'sysctl'\n",
      "Returning the number of logical cores instead. You can silence this warning by setting LOKY_MAX_CPU_COUNT to the number of cores you want to use.\n",
      "  warnings.warn(\n",
      "  File \"/opt/anaconda3/envs/KJ_data/lib/python3.11/site-packages/joblib/externals/loky/backend/context.py\", line 270, in _count_physical_cores\n",
      "    cpu_info = subprocess.run(\n",
      "               ^^^^^^^^^^^^^^^\n",
      "  File \"/opt/anaconda3/envs/KJ_data/lib/python3.11/subprocess.py\", line 548, in run\n",
      "    with Popen(*popenargs, **kwargs) as process:\n",
      "         ^^^^^^^^^^^^^^^^^^^^^^^^^^^\n",
      "  File \"/opt/anaconda3/envs/KJ_data/lib/python3.11/subprocess.py\", line 1026, in __init__\n",
      "    self._execute_child(args, executable, preexec_fn, close_fds,\n",
      "  File \"/opt/anaconda3/envs/KJ_data/lib/python3.11/subprocess.py\", line 1955, in _execute_child\n",
      "    raise child_exception_type(errno_num, err_msg, err_filename)\n"
     ]
    },
    {
     "name": "stdout",
     "output_type": "stream",
     "text": [
      "-11977.682547480303\n",
      "-11975.674443567896\n",
      "-11977.682547480303\n",
      "-11976.005054724068\n",
      "-11977.415711496704\n",
      "-11977.201550309943\n",
      "-11977.415711496704\n",
      "-11975.399563768857\n",
      "-11974.350257662863\n",
      "-11977.682547480303\n",
      "-11976.005054724068\n",
      "-11977.195178178608\n",
      "-11976.005054724068\n",
      "-11977.593149322864\n",
      "-11975.674443567896\n",
      "-11976.005054724068\n",
      "-11976.005054724068\n",
      "-11977.593149322864\n",
      "-11975.399563768857\n",
      "-11975.674443567892\n",
      "-11975.674443567888\n",
      "-11958.020270376102\n",
      "-11976.005054724068\n",
      "-11977.682547480303\n",
      "-11975.399563768857\n",
      "-11977.593149322864\n",
      "-11976.005054724068\n",
      "-11975.674443567896\n",
      "-11958.038921331636\n",
      "-11976.005054724068\n",
      "-11975.399563768857\n",
      "-11975.674443567892\n",
      "-11977.593149322864\n",
      "-11977.436637065573\n",
      "-11975.977585371671\n",
      "-11975.760621587307\n",
      "-11975.674443567892\n",
      "-11977.682547480303\n",
      "-11975.674443567892\n",
      "-11977.436637065573\n",
      "-11975.674443567888\n",
      "-11976.005054724068\n",
      "-11977.682547480303\n",
      "-11976.005054724068\n",
      "-11958.045473491222\n",
      "-11958.02292955984\n",
      "-11958.06352436217\n",
      "-11958.038921331636\n",
      "-11977.593149322864\n",
      "-11977.195178178608\n",
      "-11975.684999644809\n",
      "-11977.682547480303\n",
      "-11977.436637065573\n",
      "-11958.04547349122\n",
      "-11977.593149322864\n",
      "-11977.593149322864\n",
      "-11977.415711496704\n",
      "-11975.399563768857\n",
      "-11977.682547480303\n",
      "-11975.965323622704\n",
      "-11975.674443567896\n",
      "-11975.674443567888\n",
      "-11974.350257662867\n",
      "-11975.674443567892\n",
      "-11958.038921331636\n",
      "-11975.399563768857\n",
      "-11958.045473491222\n",
      "-11975.399563768857\n",
      "-11977.682547480303\n",
      "-11977.593149322864\n",
      "-11977.195178178608\n",
      "-11976.015280996282\n",
      "-11977.195178178608\n",
      "-11975.399563768857\n",
      "-11977.593149322864\n",
      "-11975.399563768857\n",
      "-11977.436637065573\n",
      "-11977.593149322865\n",
      "-11977.682547480303\n",
      "-11976.005054724068\n",
      "-11977.682547480303\n",
      "-11977.682547480303\n",
      "-11976.015280996282\n",
      "-11977.682547480303\n",
      "-11975.399563768857\n",
      "-11977.682547480303\n",
      "-11975.674443567892\n",
      "-11975.674443567896\n",
      "-11976.005054724068\n",
      "-11975.674443567892\n",
      "-11975.68499964481\n",
      "-11977.593149322864\n",
      "-11977.593149322864\n",
      "-11977.415711496704\n",
      "-11975.399563768857\n",
      "-11976.005054724068\n",
      "-11977.593149322864\n",
      "-11976.005054724068\n",
      "-11976.005054724072\n",
      "-11975.674443567896\n",
      "-11958.086684894264\n",
      "-11958.032993185989\n",
      "-11975.399563768857\n",
      "-11976.005054724068\n",
      "-11977.682547480303\n",
      "-11975.925888520884\n",
      "-11975.674443567892\n",
      "-11975.674443567892\n",
      "-11975.828263391712\n",
      "-11958.1689449835\n",
      "-11975.760621587307\n",
      "-11977.682547480303\n",
      "-11977.682547480303\n",
      "-11976.116331819263\n",
      "-11975.674443567892\n",
      "-11958.15574519851\n",
      "-11976.005054724068\n",
      "-11975.399563768857\n",
      "-11977.415711496704\n",
      "-11976.005054724072\n",
      "-11975.674443567896\n",
      "-11975.399563768857\n",
      "-11958.045473491222\n",
      "-11958.06352436217\n",
      "-11976.005054724068\n",
      "-11976.005054724068\n",
      "-11977.195178178608\n",
      "-11977.436637065573\n",
      "-11975.73551652156\n",
      "-11975.399563768857\n",
      "-11975.821779579488\n",
      "-11975.674443567888\n",
      "-11975.674443567896\n",
      "-11978.105227243337\n",
      "-11975.674443567892\n",
      "-11975.674443567888\n",
      "-11977.682547480303\n",
      "-11977.682547480303\n",
      "-11976.005054724068\n",
      "-11977.415711496704\n",
      "-11977.593149322865\n",
      "-11975.399563768857\n",
      "-11976.005054724068\n",
      "-11975.399563768857\n",
      "-11976.019367854715\n",
      "-11975.399563768857\n",
      "-11977.195178178608\n",
      "-11977.593149322864\n",
      "-11977.195178178608\n",
      "-11977.593149322864\n",
      "-11973.988493907531\n",
      "-11976.005054724068\n",
      "-11976.005054724068\n",
      "-11977.593149322864\n",
      "-11975.674443567888\n",
      "-11958.02862357111\n",
      "-11977.682547480303\n",
      "-11976.116331819263\n",
      "-11977.593149322864\n",
      "-11975.674443567892\n",
      "-11975.399563768857\n",
      "-11975.674443567892\n",
      "-11975.674443567888\n",
      "-11976.005054724068\n",
      "-11976.019367854715\n",
      "-11976.005054724068\n",
      "-11977.593149322864\n",
      "-11976.005054724068\n",
      "-11977.682547480303\n",
      "-11977.195178178608\n",
      "-11976.005054724068\n",
      "-11975.399563768857\n",
      "-11958.047469988105\n",
      "-11975.399563768857\n",
      "-11977.195178178608\n",
      "-11975.674443567892\n",
      "-11976.005054724068\n",
      "-11976.005054724068\n",
      "-11975.674443567896\n",
      "-11976.005054724068\n",
      "-11977.593149322864\n",
      "-11976.005054724068\n",
      "-11977.593149322864\n",
      "-11976.005054724068\n",
      "-11977.415711496704\n",
      "-11958.072201171264\n",
      "-11975.399563768857\n",
      "-11976.015280996282\n",
      "-11975.399563768857\n",
      "-11977.682547480303\n",
      "-11975.399563768857\n",
      "-11975.674443567892\n",
      "-11958.070488460782\n",
      "-11975.399563768857\n",
      "-11977.436637065573\n",
      "-11976.005054724068\n",
      "-11977.593149322864\n",
      "-11977.415711496704\n",
      "-11977.415711496704\n",
      "-11958.032993185989\n",
      "-11977.195178178608\n",
      "-11975.674443567888\n",
      "-11977.415711496704\n",
      "-11975.399563768857\n",
      "-11975.399563768857\n",
      "-11977.415711496704\n",
      "-11958.048867774796\n",
      "-11975.399563768857\n",
      "-11958.017146423186\n",
      "-11977.593149322864\n",
      "-11977.593149322864\n",
      "-11977.195178178608\n",
      "-11976.132872449793\n",
      "-11977.682547480303\n",
      "-11976.005054724068\n",
      "-11977.195178178608\n",
      "-11977.415711496704\n",
      "-11976.005054724068\n",
      "-11977.593149322864\n",
      "-11976.005054724068\n",
      "-11958.02862357111\n",
      "-11977.682547480303\n",
      "-11977.682547480303\n",
      "-11977.682547480303\n",
      "-11977.682547480303\n",
      "-11975.674443567896\n",
      "-11975.674443567888\n",
      "-11977.415711496704\n",
      "-11975.674443567896\n",
      "-11975.674443567888\n",
      "-11977.415711496704\n",
      "-11958.040071261317\n",
      "-11976.005054724068\n",
      "-11975.674443567888\n",
      "-11976.709976809974\n",
      "-11977.593149322864\n",
      "-11977.436637065572\n",
      "-11975.73551652156\n",
      "-11975.674443567892\n",
      "-11975.757465474922\n",
      "-11977.593149322864\n",
      "-11958.070488460782\n",
      "-11958.022803048832\n",
      "-11977.593149322864\n",
      "-11975.674443567888\n",
      "-11977.593149322864\n",
      "-11977.682547480303\n",
      "-11975.399563768857\n",
      "-11975.674443567892\n",
      "-11958.018359196038\n",
      "-11977.593149322864\n",
      "-11977.195178178608\n",
      "-11975.399563768857\n",
      "-11977.415711496702\n",
      "-11977.682547480303\n",
      "-11977.593149322864\n",
      "-11976.005054724068\n",
      "-11976.342142228501\n",
      "-11977.682547480303\n",
      "-11958.070488460782\n",
      "-11977.593149322864\n",
      "-11977.423983932074\n",
      "-11977.593149322864\n",
      "-11977.195178178608\n",
      "-11976.005054724068\n",
      "-11977.593149322864\n",
      "-11977.593149322864\n",
      "-11976.005054724068\n",
      "-11975.674443567888\n",
      "-11958.045473491222\n",
      "-11975.399563768857\n",
      "-11977.201550309943\n",
      "-11977.682547480303\n",
      "-11976.005054724068\n",
      "-11977.593149322865\n",
      "-11958.02130629837\n",
      "-11975.674443567888\n",
      "-11977.436637065573\n",
      "-11976.005054724068\n",
      "-11977.593149322864\n",
      "-11977.415711496704\n",
      "-11976.005054724068\n",
      "-11977.682547480303\n",
      "-11977.195178178608\n",
      "-11975.674443567888\n",
      "-11977.415711496704\n",
      "-11958.018359196038\n",
      "-11977.682547480303\n",
      "-11975.674443567892\n",
      "-11975.145315396598\n",
      "-11977.593149322864\n",
      "-11976.015280996282\n",
      "-11975.399563768857\n",
      "-11958.015748099722\n",
      "-11975.399563768857\n",
      "-11958.06352436217\n",
      "-11975.674443567892\n",
      "-11958.069583959943\n",
      "-11975.674443567888\n",
      "-11975.674443567896\n",
      "-11975.399563768857\n",
      "-11975.399563768857\n",
      "-11977.415711496704\n",
      "-11976.005054724068\n",
      "-11976.005054724068\n",
      "-11977.593149322864\n",
      "-11977.593149322864\n",
      "-11975.674443567892\n",
      "-11977.415711496704\n",
      "-11975.674443567892\n",
      "-11976.005054724068\n",
      "-11976.005054724068\n",
      "-11975.674443567892\n",
      "-11975.399563768857\n",
      "-11977.682547480303\n",
      "-11958.051224178516\n",
      "-11975.674443567888\n",
      "-11975.674443567896\n",
      "-11976.015280996282\n",
      "-11958.020270376102\n",
      "-11978.061046592762\n",
      "-11975.969009953431\n",
      "-11975.399563768857\n",
      "-11975.674443567892\n",
      "-11976.005054724068\n",
      "-11975.399563768857\n",
      "-11975.399563768857\n",
      "-11974.671642727648\n",
      "-11975.674443567892\n",
      "-11975.674443567888\n",
      "-11976.015280996282\n",
      "-11975.674443567892\n",
      "-11977.593149322864\n",
      "-11958.014365399638\n",
      "-11977.682547480303\n",
      "-11958.06352436217\n",
      "-11975.674443567896\n",
      "-11977.593149322864\n",
      "-11977.593149322864\n",
      "-11977.195178178608\n",
      "-11975.399563768857\n",
      "-11975.674443567892\n",
      "-11958.15574519851\n",
      "-11975.674443567896\n",
      "-11975.674443567888\n",
      "-11975.674443567888\n",
      "-11975.399563768857\n",
      "-11958.022929559836\n",
      "-11977.593149322864\n",
      "-11976.005054724068\n",
      "-11975.674443567888\n",
      "-11977.593149322864\n",
      "-11977.415711496704\n",
      "-11958.086684894264\n",
      "-11977.195178178608\n",
      "-11975.147469885078\n",
      "-11975.399563768857\n",
      "-11978.105227243339\n",
      "-11975.674443567888\n",
      "-11975.399563768857\n",
      "-11958.018359196038\n",
      "-11977.195178178608\n",
      "-11975.674443567892\n",
      "-11975.674443567892\n",
      "-11975.674443567892\n",
      "-11975.399563768857\n",
      "-11975.73551652156\n",
      "-11976.005054724068\n",
      "-11976.005054724068\n",
      "-11977.436637065573\n",
      "{'A,亚菜': array([[6.86913706, 6.99612087, 6.86763985],\n",
      "       [7.54906136, 7.58577341, 7.51586997],\n",
      "       [8.48825449, 8.39516041, 8.44069603]]), 'A,助餐': array([[6.90552395, 7.02744846, 6.90333395],\n",
      "       [7.60441711, 7.63336095, 7.56685576],\n",
      "       [8.52214403, 8.42535773, 8.47668309]]), 'A,北菜': array([[8.48825449, 8.39516041, 8.44069603],\n",
      "       [6.86913706, 6.99612087, 6.86763985],\n",
      "       [7.54906136, 7.58577341, 7.51586997]]), 'A,南菜': array([[7.60528662, 7.63427389, 7.5676242 ],\n",
      "       [6.90585035, 7.02758895, 6.90352121],\n",
      "       [8.52318909, 8.42623471, 8.47811618]]), 'A,啡厅': array([[7.54955031, 7.5861794 , 7.51660871],\n",
      "       [8.48915151, 8.39567585, 8.44131358],\n",
      "       [6.86933279, 6.99647011, 6.86769367]]), 'A,川菜': array([[6.86932127, 6.99655876, 6.86768906],\n",
      "       [8.49024443, 8.39622436, 8.44213226],\n",
      "       [7.54995807, 7.58665988, 7.51714388]]), 'A,州菜': array([[7.54955031, 7.5861794 , 7.51660871],\n",
      "       [8.48915151, 8.39567585, 8.44131358],\n",
      "       [6.86933279, 6.99647011, 6.86769367]]), 'A,常菜': array([[8.52161593, 8.42449649, 8.47590164],\n",
      "       [6.90482289, 7.02731952, 6.90245128],\n",
      "       [7.60332399, 7.63213831, 7.56616149]]), 'A,快餐': array([[6.90014867, 7.02514403, 6.89882302],\n",
      "       [7.59942572, 7.62716143, 7.56128992],\n",
      "       [8.5198297 , 8.42239589, 8.47468797]]), 'A,料理': array([[6.86913706, 6.99612087, 6.86763985],\n",
      "       [8.48825449, 8.39516041, 8.44069603],\n",
      "       [7.54906136, 7.58577341, 7.51586997]]), 'A,本菜': array([[7.60528662, 7.63427389, 7.5676242 ],\n",
      "       [6.90585035, 7.02758895, 6.90352121],\n",
      "       [8.52318909, 8.42623471, 8.47811618]]), 'A,浙菜': array([[6.86931656, 6.99657259, 6.86774566],\n",
      "       [8.49024443, 8.39622436, 8.44213226],\n",
      "       [7.550003  , 7.58668304, 7.51713293]]), 'A,海鲜': array([[8.52318909, 8.42623471, 8.47811618],\n",
      "       [6.90585035, 7.02758895, 6.90352121],\n",
      "       [7.60528662, 7.63427389, 7.5676242 ]]), 'A,湘菜': array([[7.54924702, 7.58588228, 7.51619368],\n",
      "       [8.48833895, 8.39521375, 8.4408463 ],\n",
      "       [6.86937151, 6.99639505, 6.86765746]]), 'A,湾菜': array([[6.90552395, 7.02744846, 6.90333395],\n",
      "       [8.52214403, 8.42535773, 8.47668309],\n",
      "       [7.60441711, 7.63336095, 7.56685576]]), 'A,火锅': array([[6.90585035, 7.02758895, 6.90352121],\n",
      "       [7.60528662, 7.63427389, 7.5676242 ],\n",
      "       [8.52318909, 8.42623471, 8.47811618]]), 'A,烧烤': array([[7.60528662, 7.63427389, 7.5676242 ],\n",
      "       [6.90585035, 7.02758895, 6.90352121],\n",
      "       [8.52318909, 8.42623471, 8.47811618]]), 'A,甜点': array([[7.54924702, 7.58588228, 7.51619368],\n",
      "       [8.48833895, 8.39521375, 8.4408463 ],\n",
      "       [6.86937151, 6.99639505, 6.86765746]]), 'A,疆菜': array([[8.52161593, 8.42449649, 8.47590164],\n",
      "       [6.90482289, 7.02731952, 6.90245128],\n",
      "       [7.60332399, 7.63213831, 7.56616149]]), 'A,粤菜': array([[7.60441711, 7.63336095, 7.56685576],\n",
      "       [6.90552395, 7.02744846, 6.90333395],\n",
      "       [8.52214403, 8.42535773, 8.47668309]]), 'A,素菜': array([[8.52214403, 8.42535773, 8.47668309],\n",
      "       [6.90552395, 7.02744846, 6.90333395],\n",
      "       [7.60441711, 7.63336095, 7.56685576]]), 'A,美食': array([[8.50432524, 8.4115415 , 8.45887069],\n",
      "       [6.88711117, 7.00963591, 6.88443381],\n",
      "       [7.57503694, 7.60883403, 7.54002093]]), 'A,蟹宴': array([[6.90585035, 7.02758895, 6.90352121],\n",
      "       [7.60528662, 7.63427389, 7.5676242 ],\n",
      "       [8.52318909, 8.42623471, 8.47811618]]), 'A,西菜': array([[7.54906136, 7.58577341, 7.51586997],\n",
      "       [8.48825449, 8.39516041, 8.44069603],\n",
      "       [6.86913706, 6.99612087, 6.86763985]]), 'A,西餐': array([[6.90482289, 7.02731952, 6.90245128],\n",
      "       [8.52161593, 8.42449649, 8.47590164],\n",
      "       [7.60332399, 7.63213831, 7.56616149]]), 'A,面馆': array([[7.54924702, 7.58588228, 7.51619368],\n",
      "       [8.48833895, 8.39521375, 8.4408463 ],\n",
      "       [6.86937151, 6.99639505, 6.86765746]]), 'A,龙虾': array([[6.90585035, 7.02758895, 6.90352121],\n",
      "       [8.52318909, 8.42623471, 8.47811618],\n",
      "       [7.60528662, 7.63427389, 7.5676242 ]]), 'B,亚菜': array([[6.90552395, 7.02744846, 6.90333395],\n",
      "       [8.52214403, 8.42535773, 8.47668309],\n",
      "       [7.60441711, 7.63336095, 7.56685576]]), 'B,助餐': array([[8.504566  , 8.41218354, 8.4590755 ],\n",
      "       [6.88714036, 7.00981444, 6.88448956],\n",
      "       [7.57544777, 7.60880778, 7.54041361]]), 'B,北菜': array([[6.90585035, 7.02758895, 6.90352121],\n",
      "       [8.52318909, 8.42623471, 8.47811618],\n",
      "       [7.60528662, 7.63427389, 7.5676242 ]]), 'B,午茶': array([[6.90482289, 7.02731952, 6.90245128],\n",
      "       [8.52161593, 8.42449649, 8.47590164],\n",
      "       [7.60332399, 7.63213831, 7.56616149]]), 'B,南菜': array([[6.90552395, 7.02744846, 6.90333395],\n",
      "       [7.60441711, 7.63336095, 7.56685576],\n",
      "       [8.52214403, 8.42535773, 8.47668309]]), 'B,啡厅': array([[7.54924702, 7.58588228, 7.51619368],\n",
      "       [8.48833895, 8.39521375, 8.4408463 ],\n",
      "       [6.86937151, 6.99639505, 6.86765746]]), 'B,川菜': array([[6.86937151, 6.99639505, 6.86765746],\n",
      "       [8.48916358, 8.39556741, 8.44125463],\n",
      "       [7.5494124 , 7.58622137, 7.51657873]]), 'B,常菜': array([[6.90586905, 7.02754173, 6.90348475],\n",
      "       [8.52320715, 8.42601693, 8.47799201],\n",
      "       [7.60509587, 7.63430155, 7.56757118]]), 'B,快餐': array([[7.55287398, 7.5892996 , 7.51980382],\n",
      "       [8.49394106, 8.39869144, 8.4461843 ],\n",
      "       [6.87027595, 6.99768798, 6.86854702]]), 'B,料理': array([[7.60441711, 7.63336095, 7.56685576],\n",
      "       [6.90552395, 7.02744846, 6.90333395],\n",
      "       [8.52214403, 8.42535773, 8.47668309]]), 'B,本菜': array([[8.48825449, 8.39516041, 8.44069603],\n",
      "       [7.54906136, 7.58577341, 7.51586997],\n",
      "       [6.86913706, 6.99612087, 6.86763985]]), 'B,浙菜': array([[6.90552395, 7.02744846, 6.90333395],\n",
      "       [7.60441711, 7.63336095, 7.56685576],\n",
      "       [8.52214403, 8.42535773, 8.47668309]]), 'B,海鲜': array([[6.86937151, 6.99639505, 6.86765746],\n",
      "       [7.5494124 , 7.58622137, 7.51657873],\n",
      "       [8.48916358, 8.39556741, 8.44125463]]), 'B,湘菜': array([[6.90552395, 7.02744846, 6.90333395],\n",
      "       [8.52214403, 8.42535773, 8.47668309],\n",
      "       [7.60441711, 7.63336095, 7.56685576]]), 'B,湾菜': array([[7.60528662, 7.63427389, 7.5676242 ],\n",
      "       [6.90585035, 7.02758895, 6.90352121],\n",
      "       [8.52318909, 8.42623471, 8.47811618]]), 'B,火锅': array([[8.48825449, 8.39516041, 8.44069603],\n",
      "       [7.54906136, 7.58577341, 7.51586997],\n",
      "       [6.86913706, 6.99612087, 6.86763985]]), 'B,烧烤': array([[6.90585035, 7.02758895, 6.90352121],\n",
      "       [8.52318909, 8.42623471, 8.47811618],\n",
      "       [7.60528662, 7.63427389, 7.5676242 ]]), 'B,甜点': array([[8.50323271, 8.41063303, 8.45744537],\n",
      "       [7.57397252, 7.6082938 , 7.53929386],\n",
      "       [6.88711744, 7.00922032, 6.88430929]]), 'B,疆菜': array([[8.50354042, 8.4111963 , 8.4579434 ],\n",
      "       [6.88711744, 7.00922032, 6.88430929],\n",
      "       [7.5743195 , 7.60843084, 7.53953073]]), 'B,粤菜': array([[7.57575217, 7.60880453, 7.54058328],\n",
      "       [8.50463696, 8.41273468, 8.45938702],\n",
      "       [6.88714036, 7.00981444, 6.88448956]]), 'B,素菜': array([[6.88714036, 7.00981444, 6.88448956],\n",
      "       [7.57544777, 7.60880778, 7.54041361],\n",
      "       [8.504566  , 8.41218354, 8.4590755 ]]), 'B,美食': array([[7.54924702, 7.58588228, 7.51619368],\n",
      "       [8.48833895, 8.39521375, 8.4408463 ],\n",
      "       [6.86937151, 6.99639505, 6.86765746]]), 'B,蟹宴': array([[7.550003  , 7.58668304, 7.51713293],\n",
      "       [8.49024443, 8.39622436, 8.44213226],\n",
      "       [6.86931656, 6.99657259, 6.86774566]]), 'B,西菜': array([[6.90552395, 7.02744846, 6.90333395],\n",
      "       [7.60439133, 7.63342256, 7.56690886],\n",
      "       [8.52229912, 8.42533724, 8.47669208]]), 'B,西餐': array([[8.48825449, 8.39516041, 8.44069603],\n",
      "       [7.54906136, 7.58577341, 7.51586997],\n",
      "       [6.86913706, 6.99612087, 6.86763985]]), 'B,龙虾': array([[7.5494124 , 7.58622137, 7.51657873],\n",
      "       [8.48916358, 8.39556741, 8.44125463],\n",
      "       [6.86937151, 6.99639505, 6.86765746]]), 'C,亚菜': array([[8.50323271, 8.41063303, 8.45744537],\n",
      "       [6.88711744, 7.00922032, 6.88430929],\n",
      "       [7.57397252, 7.6082938 , 7.53929386]]), 'C,助餐': array([[6.86937151, 6.99639505, 6.86765746],\n",
      "       [8.48833895, 8.39521375, 8.4408463 ],\n",
      "       [7.54924702, 7.58588228, 7.51619368]]), 'C,北菜': array([[8.48833895, 8.39521375, 8.4408463 ],\n",
      "       [6.86937151, 6.99639505, 6.86765746],\n",
      "       [7.54924702, 7.58588228, 7.51619368]]), 'C,南菜': array([[8.48915151, 8.39567585, 8.44131358],\n",
      "       [6.86933279, 6.99647011, 6.86769367],\n",
      "       [7.54955031, 7.5861794 , 7.51660871]]), 'C,啡厅': array([[7.60332399, 7.63213831, 7.56616149],\n",
      "       [6.90482289, 7.02731952, 6.90245128],\n",
      "       [8.52161593, 8.42449649, 8.47590164]]), 'C,川菜': array([[7.54906136, 7.58577341, 7.51586997],\n",
      "       [8.48825449, 8.39516041, 8.44069603],\n",
      "       [6.86913706, 6.99612087, 6.86763985]]), 'C,州菜': array([[7.60520448, 7.63414448, 7.56751816],\n",
      "       [6.90583237, 7.02759063, 6.90347863],\n",
      "       [8.52296932, 8.42611967, 8.47799459]]), 'C,常菜': array([[8.52214403, 8.42535773, 8.47668309],\n",
      "       [7.60441711, 7.63336095, 7.56685576],\n",
      "       [6.90552395, 7.02744846, 6.90333395]]), 'C,快餐': array([[6.90552395, 7.02744846, 6.90333395],\n",
      "       [7.60441711, 7.63336095, 7.56685576],\n",
      "       [8.52214403, 8.42535773, 8.47668309]]), 'C,料理': array([[7.59942572, 7.62716143, 7.56128992],\n",
      "       [8.5198297 , 8.42239589, 8.47468797],\n",
      "       [6.90014867, 7.02514403, 6.89882302]]), 'C,本菜': array([[7.60441711, 7.63336095, 7.56685576],\n",
      "       [6.90552395, 7.02744846, 6.90333395],\n",
      "       [8.52214403, 8.42535773, 8.47668309]]), 'C,浙菜': array([[7.57544777, 7.60880778, 7.54041361],\n",
      "       [6.88714036, 7.00981444, 6.88448956],\n",
      "       [8.504566  , 8.41218354, 8.4590755 ]]), 'C,海鲜': array([[8.52161593, 8.42449649, 8.47590164],\n",
      "       [6.90482289, 7.02731952, 6.90245128],\n",
      "       [7.60332399, 7.63213831, 7.56616149]]), 'C,湘菜': array([[6.88711744, 7.00922032, 6.88430929],\n",
      "       [8.50323271, 8.41063303, 8.45744537],\n",
      "       [7.57397252, 7.6082938 , 7.53929386]]), 'C,湾菜': array([[6.90482289, 7.02731952, 6.90245128],\n",
      "       [7.60332399, 7.63213831, 7.56616149],\n",
      "       [8.52161593, 8.42449649, 8.47590164]]), 'C,火锅': array([[7.54906136, 7.58577341, 7.51586997],\n",
      "       [8.48825449, 8.39516041, 8.44069603],\n",
      "       [6.86913706, 6.99612087, 6.86763985]]), 'C,烧烤': array([[7.54924702, 7.58588228, 7.51619368],\n",
      "       [8.48833895, 8.39521375, 8.4408463 ],\n",
      "       [6.86937151, 6.99639505, 6.86765746]]), 'C,甜点': array([[8.49024443, 8.39622436, 8.44213226],\n",
      "       [7.550003  , 7.58668304, 7.51713293],\n",
      "       [6.86931656, 6.99657259, 6.86774566]]), 'C,疆菜': array([[6.90585035, 7.02758895, 6.90352121],\n",
      "       [8.5232859 , 8.42621428, 8.47818417],\n",
      "       [7.60529266, 7.63433539, 7.56764537]]), 'C,粤菜': array([[7.550003  , 7.58668304, 7.51713293],\n",
      "       [8.49024443, 8.39622436, 8.44213226],\n",
      "       [6.86931656, 6.99657259, 6.86774566]]), 'C,素菜': array([[8.52161593, 8.42449649, 8.47590164],\n",
      "       [6.90482289, 7.02731952, 6.90245128],\n",
      "       [7.60332399, 7.63213831, 7.56616149]]), 'C,美食': array([[8.48833895, 8.39521375, 8.4408463 ],\n",
      "       [7.54924702, 7.58588228, 7.51619368],\n",
      "       [6.86937151, 6.99639505, 6.86765746]]), 'C,蟹宴': array([[7.60332399, 7.63213831, 7.56616149],\n",
      "       [6.90482289, 7.02731952, 6.90245128],\n",
      "       [8.52161593, 8.42449649, 8.47590164]]), 'C,西菜': array([[6.86937151, 6.99639505, 6.86765746],\n",
      "       [7.5494124 , 7.58622137, 7.51657873],\n",
      "       [8.48916358, 8.39556741, 8.44125463]]), 'C,西餐': array([[6.86937151, 6.99639505, 6.86765746],\n",
      "       [8.48833895, 8.39521375, 8.4408463 ],\n",
      "       [7.54924702, 7.58588228, 7.51619368]]), 'C,面馆': array([[8.48825449, 8.39516041, 8.44069603],\n",
      "       [7.54906136, 7.58577341, 7.51586997],\n",
      "       [6.86913706, 6.99612087, 6.86763985]]), 'C,龙虾': array([[7.60528662, 7.63427389, 7.5676242 ],\n",
      "       [6.90585035, 7.02758895, 6.90352121],\n",
      "       [8.52318909, 8.42623471, 8.47811618]]), 'D,亚菜': array([[8.48825449, 8.39516041, 8.44069603],\n",
      "       [6.86913706, 6.99612087, 6.86763985],\n",
      "       [7.54906136, 7.58577341, 7.51586997]]), 'D,助餐': array([[6.86913706, 6.99612087, 6.86763985],\n",
      "       [8.48825449, 8.39516041, 8.44069603],\n",
      "       [7.54906136, 7.58577341, 7.51586997]]), 'D,北菜': array([[7.60529266, 7.63433539, 7.56764537],\n",
      "       [8.5232859 , 8.42621428, 8.47818417],\n",
      "       [6.90585035, 7.02758895, 6.90352121]]), 'D,南菜': array([[6.86913706, 6.99612087, 6.86763985],\n",
      "       [8.48825449, 8.39516041, 8.44069603],\n",
      "       [7.54906136, 7.58577341, 7.51586997]]), 'D,啡厅': array([[6.90482289, 7.02731952, 6.90245128],\n",
      "       [7.60332399, 7.63213831, 7.56616149],\n",
      "       [8.52161593, 8.42449649, 8.47590164]]), 'D,川菜': array([[6.86913706, 6.99612087, 6.86763985],\n",
      "       [8.48825449, 8.39516041, 8.44069603],\n",
      "       [7.54906136, 7.58577341, 7.51586997]]), 'D,州菜': array([[7.60441711, 7.63336095, 7.56685576],\n",
      "       [6.90552395, 7.02744846, 6.90333395],\n",
      "       [8.52214403, 8.42535773, 8.47668309]]), 'D,常菜': array([[6.90552395, 7.02744846, 6.90333395],\n",
      "       [7.60441711, 7.63336095, 7.56685576],\n",
      "       [8.52214403, 8.42535773, 8.47668309]]), 'D,快餐': array([[7.60528662, 7.63427389, 7.5676242 ],\n",
      "       [6.90585035, 7.02758895, 6.90352121],\n",
      "       [8.52318909, 8.42623471, 8.47811618]]), 'D,料理': array([[6.90552395, 7.02744846, 6.90333395],\n",
      "       [8.52214403, 8.42535773, 8.47668309],\n",
      "       [7.60441711, 7.63336095, 7.56685576]]), 'D,本菜': array([[8.52229912, 8.42533724, 8.47669208],\n",
      "       [7.60439133, 7.63342256, 7.56690886],\n",
      "       [6.90552395, 7.02744846, 6.90333395]]), 'D,浙菜': array([[7.54924702, 7.58588228, 7.51619368],\n",
      "       [8.48833895, 8.39521375, 8.4408463 ],\n",
      "       [6.86937151, 6.99639505, 6.86765746]]), 'D,海鲜': array([[8.48833895, 8.39521375, 8.4408463 ],\n",
      "       [7.54924702, 7.58588228, 7.51619368],\n",
      "       [6.86937151, 6.99639505, 6.86765746]]), 'D,湘菜': array([[7.54955031, 7.5861794 , 7.51660871],\n",
      "       [8.48915151, 8.39567585, 8.44131358],\n",
      "       [6.86933279, 6.99647011, 6.86769367]]), 'D,湾菜': array([[6.90482289, 7.02731952, 6.90245128],\n",
      "       [7.60332399, 7.63213831, 7.56616149],\n",
      "       [8.52161593, 8.42449649, 8.47590164]]), 'D,火锅': array([[6.90585035, 7.02758895, 6.90352121],\n",
      "       [8.52318909, 8.42623471, 8.47811618],\n",
      "       [7.60528662, 7.63427389, 7.5676242 ]]), 'D,烧烤': array([[8.48833895, 8.39521375, 8.4408463 ],\n",
      "       [6.86937151, 6.99639505, 6.86765746],\n",
      "       [7.54924702, 7.58588228, 7.51619368]]), 'D,甜点': array([[6.90585035, 7.02758895, 6.90352121],\n",
      "       [8.52318909, 8.42623471, 8.47811618],\n",
      "       [7.60528662, 7.63427389, 7.5676242 ]]), 'D,疆菜': array([[8.52318909, 8.42623471, 8.47811618],\n",
      "       [6.90585035, 7.02758895, 6.90352121],\n",
      "       [7.60528662, 7.63427389, 7.5676242 ]]), 'D,粤菜': array([[6.90552395, 7.02744846, 6.90333395],\n",
      "       [8.52214403, 8.42535773, 8.47668309],\n",
      "       [7.60441711, 7.63336095, 7.56685576]]), 'D,素菜': array([[8.5029713 , 8.41015194, 8.45711874],\n",
      "       [7.57363233, 7.6079103 , 7.53884303],\n",
      "       [6.88675947, 7.00914859, 6.88413079]]), 'D,美食': array([[6.88714036, 7.00981444, 6.88448956],\n",
      "       [7.57535857, 7.60880886, 7.54034472],\n",
      "       [8.50451977, 8.412     , 8.45899435]]), 'D,蟹宴': array([[6.90482289, 7.02731952, 6.90245128],\n",
      "       [7.60332399, 7.63213831, 7.56616149],\n",
      "       [8.52161593, 8.42449649, 8.47590164]]), 'D,西菜': array([[6.90585035, 7.02758895, 6.90352121],\n",
      "       [8.52318909, 8.42623471, 8.47811618],\n",
      "       [7.60528662, 7.63427389, 7.5676242 ]]), 'D,西餐': array([[6.86913706, 6.99612087, 6.86763985],\n",
      "       [8.48825449, 8.39516041, 8.44069603],\n",
      "       [7.54906136, 7.58577341, 7.51586997]]), 'D,面馆': array([[8.52274971, 8.42609871, 8.47779083],\n",
      "       [6.90585106, 7.02754341, 6.90344216],\n",
      "       [7.6050841 , 7.63401504, 7.56745031]]), 'D,龙虾': array([[6.90552395, 7.02744846, 6.90333395],\n",
      "       [8.52214403, 8.42535773, 8.47668309],\n",
      "       [7.60441711, 7.63336095, 7.56685576]]), 'E,亚菜': array([[7.60441711, 7.63336095, 7.56685576],\n",
      "       [6.90552395, 7.02744846, 6.90333395],\n",
      "       [8.52214403, 8.42535773, 8.47668309]]), 'E,助餐': array([[8.5225992 , 8.42568678, 8.47711904],\n",
      "       [6.90586905, 7.02754173, 6.90348475],\n",
      "       [7.60472366, 7.63387518, 7.56734876]]), 'E,北菜': array([[6.88677071, 7.00905912, 6.88407693],\n",
      "       [7.5730966 , 7.60784785, 7.5383022 ],\n",
      "       [8.50241627, 8.40911441, 8.45670937]]), 'E,南菜': array([[7.55287398, 7.5892996 , 7.51980382],\n",
      "       [8.49394106, 8.39869144, 8.4461843 ],\n",
      "       [6.87027595, 6.99768798, 6.86854702]]), 'E,啡厅': array([[7.54906136, 7.58577341, 7.51586997],\n",
      "       [8.48825449, 8.39516041, 8.44069603],\n",
      "       [6.86913706, 6.99612087, 6.86763985]]), 'E,川菜': array([[7.54906136, 7.58577341, 7.51586997],\n",
      "       [8.48825449, 8.39516041, 8.44069603],\n",
      "       [6.86913706, 6.99612087, 6.86763985]]), 'E,州菜': array([[8.5232859 , 8.42621428, 8.47818417],\n",
      "       [6.90650754, 7.02773945, 6.90407179],\n",
      "       [7.6056321 , 7.63506825, 7.56804439]]), 'E,常菜': array([[6.90552395, 7.02744846, 6.90333395],\n",
      "       [7.60441711, 7.63336095, 7.56685576],\n",
      "       [8.52214403, 8.42535773, 8.47668309]]), 'E,快餐': array([[7.57318532, 7.60798643, 7.53843972],\n",
      "       [8.50241627, 8.40911441, 8.45670937],\n",
      "       [6.88694414, 7.00914622, 6.88418668]]), 'E,料理': array([[6.90585035, 7.02758895, 6.90352121],\n",
      "       [7.60528662, 7.63427389, 7.5676242 ],\n",
      "       [8.52318909, 8.42623471, 8.47811618]]), 'E,本菜': array([[6.90482289, 7.02731952, 6.90245128],\n",
      "       [8.52161593, 8.42449649, 8.47590164],\n",
      "       [7.60332399, 7.63213831, 7.56616149]]), 'E,浙菜': array([[7.54955031, 7.5861794 , 7.51660871],\n",
      "       [8.48915151, 8.39567585, 8.44131358],\n",
      "       [6.86933279, 6.99647011, 6.86769367]]), 'E,海鲜': array([[8.52318909, 8.42623471, 8.47811618],\n",
      "       [6.90585035, 7.02758895, 6.90352121],\n",
      "       [7.60528662, 7.63427389, 7.5676242 ]]), 'E,湘菜': array([[7.60441711, 7.63336095, 7.56685576],\n",
      "       [6.90552395, 7.02744846, 6.90333395],\n",
      "       [8.52214403, 8.42535773, 8.47668309]]), 'E,湾菜': array([[7.60332399, 7.63213831, 7.56616149],\n",
      "       [6.90482289, 7.02731952, 6.90245128],\n",
      "       [8.52161593, 8.42449649, 8.47590164]]), 'E,火锅': array([[6.88711744, 7.00922032, 6.88430929],\n",
      "       [8.50323271, 8.41063303, 8.45744537],\n",
      "       [7.57397252, 7.6082938 , 7.53929386]]), 'E,烧烤': array([[6.88714036, 7.00981444, 6.88448956],\n",
      "       [8.50463696, 8.41273468, 8.45938702],\n",
      "       [7.57575217, 7.60880453, 7.54058328]]), 'E,甜点': array([[7.60528662, 7.63427389, 7.5676242 ],\n",
      "       [6.90585035, 7.02758895, 6.90352121],\n",
      "       [8.52318909, 8.42623471, 8.47811618]]), 'E,疆菜': array([[6.90585035, 7.02758895, 6.90352121],\n",
      "       [7.60528662, 7.63427389, 7.5676242 ],\n",
      "       [8.52318909, 8.42623471, 8.47811618]]), 'E,粤菜': array([[7.550003  , 7.58668304, 7.51713293],\n",
      "       [8.49024443, 8.39622436, 8.44213226],\n",
